100
16541
84452
24292
50896
68500
88571
62628
17402
59821
12439
28251
7706
36447
70760
70412
76542
6001
19627
6378
80752
47345
16243
82015
92426
57197
99737
61909
5772
9702
15091
75802
38859
51019
71088
32247
34198
2712
52143
25655
28823
11009
36895
39404
72326
81158
72240
77459
82619
70100
37672
48511
44634
78266
97693
32426
26662
55952
82259
84283
27932
77955
55109
25341
65195
79389
89101
44644
13937
4306
36000
57669
27387
46702
39151
10653
3267
15334
28420
16729
54215
89921
53301
76516
25876
15363
12636
82775
98486
61077
86289
97500
15348
16499
78258
92100
55268
54299
63099
80570
26744