100
2 29 19
1 88 35
1 100 65
2 95 34
1 16 23
2 8 11
2 91 10
1 21 26
2 63 57
2 87 97
2 48 26
2 48 13
1 90 12
2 48 7
1 50 22
1 13 30
2 66 21
2 4 41
2 99 4
1 81 90
1 549 433
2 436 862
2 634 766
2 508 290
2 681 731
1 152 840
1 616 534
2 265 568
1 139 555
1 525 382
2 880 830
1 559 266
1 353 799
2 253 306
1 207 886
2 355 938
2 767 553
1 459 718
2 516 756
1 602 281
1 5920 1601
1 9142 6190
1 1975 8712
1 1466 1234
1 2847 2302
1 1532 4850
1 7615 2516
2 9035 6101
1 6127 1259
1 7761 6278
1 32067 21971
1 59453 13382
1 13358 23128
2 37111 27783
2 81440 46251
1 24347 51570
2 51010 27718
2 32954 18066
1 76601 69330
1 95831 46935
2 43126 69002
2 86421 28454
1 91609 31811
1 83916 58921
1 78553 40361
2 86211 54708
1 42368 95717
1 13680 28671
2 35997 95271
1 60895 91102
2 485697 342265
1 482153 206466
1 512428 122555
2 673981 861706
1 113359 647235
2 815243 509340
1 132824 833013
1 527579 869803
1 102994 229768
1 271708 738712
1 8097677 2244087
1 1378379 6065610
1 5504403 1189887
1 2811508 6929689
1 5010704 7063272
2 1245941 5215698
1 1951890 5543936
1 2229528 9819725
1 4374202 9849664
1 6045943 2566742
2 28278165 36644182
1 10323394 10427968
2 23015216 55471993
2 27962456 43587070
1 39080228 23694101
2 34921416 26153504
1 51696552 35672400
2 11772966 47967670
2 18829658 61709687
2 28863085 42169112