38
123
165
68
32
19
20
42
114
184
52
26
102
14
72
26
42
45
8
162
982
1298
1400
580
1412
304
1150
833
278
907
1660
825
706
559
414
1293
1106
918
1272
883
7521
15332
3950
2700
5149
3064
10131
12202
7386
14039
54038
72835
26716
55566
92502
48694
55436
36132
145931
142766
112128
56908
123420
142837
118914
109416
84736
27360
131268
121790
684530
688619
634983
1535687
226718
1018680
265648
1055158
205988
543416
10341764
2756758
6694290
5623016
10021408
6461639
3903780
4459056
8748404
8612685
64922347
20646788
78487209
71549526
62774329
52307008
87368952
59740636
80539345
71032197