100
29 4
6 28 4 11 27 20 23 17 24 22 3 7 16 12 21 14 18 9 10 2 26 13 8 15 25 5 19 29 1 
11 3
10 1 11 9 4 7 8 2 3 1 6 
36 8
28 13 19 14 7 12 25 21 6 9 31 10 29 36 17 2 32 3 27 26 18 33 16 1 11 20 22 23 35 34 4 30 24 8 5 15 
33 7
2 19 1 18 6 29 33 9 23 30 8 26 20 32 11 1 3 17 22 27 10 25 4 7 14 31 12 16 15 13 5 24 21 
24 2
2 17 18 7 23 22 8 24 10 21 15 11 6 16 14 12 4 9 3 1 5 13 20 19 
41 16
39 4 1 27 37 38 33 35 11 30 2 10 7 23 40 41 3 20 19 6 29 14 32 15 17 24 5 36 1 13 34 18 9 21 12 25 28 22 26 16 8 
14 3
7 11 12 10 5 3 6 9 8 1 4 13 14 2 
19 4
4 16 1 19 14 13 12 10 17 3 9 7 5 8 18 2 15 11 6 
19 2
14 5 10 4 8 13 2 3 19 7 18 9 15 12 16 6 17 1 11 
29 4
23 26 7 13 25 8 29 27 4 28 15 21 11 10 17 16 5 18 19 6 9 20 1 22 3 24 14 12 2 
30 2
4 20 23 27 8 6 19 5 26 17 21 22 3 24 2 7 30 25 9 29 18 11 12 10 15 13 28 14 16 1 
31 9
13 12 24 10 18 22 4 5 25 7 30 8 6 23 21 19 26 31 9 28 17 14 2 1 20 16 15 11 29 3 27 
27 13
20 4 7 24 16 5 13 21 15 23 19 26 9 25 27 3 11 10 14 22 17 2 1 18 8 12 6 
15 2
12 7 2 6 14 5 10 9 1 15 11 4 13 8 3 
18 8
13 1 2 5 7 9 10 18 3 1 8 17 4 14 15 11 16 6 
12 6
3 7 2 1 11 5 12 10 6 9 4 8 
45 17
8 20 14 12 26 21 16 2 44 1 7 39 38 18 27 3 45 11 30 28 4 5 1 42 13 9 22 17 32 6 40 35 36 10 29 19 34 43 23 24 33 37 31 25 41 
11 4
10 1 7 11 6 4 3 9 2 1 5 
18 3
9 1 18 13 2 14 7 15 4 16 5 10 17 12 11 6 1 8 
12 3
5 7 9 11 8 10 2 4 3 6 12 1 
20 3
13 8 6 7 14 5 9 2 18 19 17 20 3 4 10 11 15 16 12 1 
21 8
10 16 2 5 15 8 13 21 20 17 6 11 4 7 12 18 9 1 19 14 3 
43 10
7 20 13 36 17 25 12 41 37 21 32 23 43 35 24 26 22 9 28 38 19 30 39 14 1 31 2 29 33 18 34 3 4 11 5 15 8 42 6 16 10 40 27 
49 17
33 8 48 5 45 42 7 46 13 21 23 9 6 36 44 27 39 43 15 34 14 2 12 30 28 35 29 19 41 40 25 18 11 10 17 1 16 32 20 47 26 31 3 37 22 49 38 4 24 
46 4
1 4 6 46 9 3 13 42 11 20 38 1 26 40 18 2 10 25 30 41 43 44 33 23 15 29 37 27 12 28 8 32 31 21 39 14 19 24 36 34 22 17 5 45 35 7 
26 4
10 8 3 14 2 13 17 20 25 1 5 15 11 18 26 24 19 7 23 9 16 6 12 4 21 22 
25 4
4 23 14 12 22 8 18 16 21 6 24 9 3 5 19 25 13 11 1 10 2 20 15 7 17 
16 3
11 5 1 9 7 2 16 4 8 12 6 3 14 13 15 10 
47 9
37 42 18 45 4 38 21 7 22 8 44 23 26 46 43 1 2 33 35 16 27 34 29 24 3 32 19 20 47 13 6 12 15 11 14 30 5 40 25 9 36 10 31 39 41 28 17 
41 19
16 35 34 5 33 6 1 24 20 19 1 28 32 13 2 17 3 12 41 15 22 40 39 21 10 31 36 11 30 27 38 4 7 18 8 26 29 9 25 14 23 
24 10
16 17 21 9 4 18 19 23 15 20 14 5 24 11 12 22 1 2 10 13 6 3 7 8 
42 11
29 34 9 41 40 18 6 21 22 20 26 15 36 33 28 8 11 7 24 19 23 42 35 14 1 3 5 30 39 13 32 10 12 27 37 4 25 16 31 38 2 17 
39 2
14 39 15 9 18 25 31 12 28 10 24 29 3 30 32 37 23 8 27 22 4 34 13 33 11 19 1 26 36 20 7 6 21 16 5 38 17 2 35 
18 3
4 13 7 12 9 1 2 18 11 16 6 17 15 14 8 3 5 10 
19 5
6 1 11 17 18 8 16 13 19 5 12 14 9 15 2 7 10 3 4 
46 5
14 23 45 37 34 6 25 16 24 40 12 21 22 38 10 26 8 27 41 36 4 7 32 15 39 2 31 9 46 1 5 30 29 3 42 11 35 13 33 43 44 19 28 18 20 17 
37 4
16 35 29 27 11 5 22 20 34 2 19 1 21 14 23 6 25 26 8 18 4 31 30 28 13 36 24 7 37 33 32 3 10 17 15 9 12 
43 7
31 20 22 29 1 12 43 23 11 30 35 25 36 16 3 33 24 6 39 13 14 2 8 7 28 40 37 18 26 32 38 17 27 19 5 34 15 1 41 4 21 9 10 
24 6
23 3 18 1 9 24 10 19 22 14 16 21 20 5 11 13 12 1 15 8 17 2 6 7 
11 2
10 4 3 8 1 6 11 7 5 9 2 
43 16
6 42 9 31 37 32 10 3 12 19 5 30 8 40 34 35 18 2 17 25 27 22 11 38 14 29 1 39 16 43 13 7 15 28 36 20 24 4 33 26 23 21 41 
48 10
26 34 6 35 14 10 12 15 36 32 1 39 31 29 2 3 16 30 13 27 18 28 40 21 25 24 43 48 20 44 41 33 38 5 37 9 11 8 46 17 22 7 19 4 45 42 23 47 
29 3
9 20 5 12 14 25 16 11 28 19 1 23 18 15 27 10 7 6 21 3 26 17 8 22 2 13 29 4 24 
45 2
32 39 16 45 3 11 24 26 2 43 10 12 40 44 23 28 9 15 1 17 36 19 13 22 4 42 29 38 33 25 41 31 14 37 21 5 35 18 20 8 6 27 7 30 34 
38 17
32 33 26 7 28 24 30 15 16 12 10 31 8 3 22 36 2 38 25 21 19 18 34 35 27 4 13 1 11 14 37 5 20 23 9 17 6 29 
37 3
17 11 3 22 18 15 32 21 8 10 29 26 36 37 25 19 5 23 13 16 7 33 34 30 14 28 31 27 12 35 2 20 6 24 4 1 9 
42 18
40 36 17 16 26 7 25 41 29 30 15 32 2 38 31 39 12 21 22 18 35 23 28 27 4 1 19 3 37 24 9 42 34 20 14 11 13 10 6 33 8 5 
13 3
12 1 13 10 11 4 1 9 5 3 6 7 8 
27 4
1 23 11 27 4 8 25 19 6 15 13 17 24 3 1 20 18 2 10 21 12 14 9 7 22 26 5 
12 3
2 7 1 11 10 8 12 9 4 5 6 3 
29 6
12 5 15 19 27 22 4 16 24 10 13 26 20 28 29 8 21 3 2 23 1 25 7 11 17 18 9 6 14 
36 10
2 34 23 20 22 13 18 33 21 9 11 27 8 5 14 24 7 19 30 16 1 15 10 29 36 31 32 35 3 28 12 26 17 25 4 6 
26 9
2 1 4 17 11 16 1 5 26 14 15 18 24 9 25 3 22 12 23 8 21 20 7 19 13 10 
31 9
6 30 17 1 16 4 22 26 31 19 13 25 2 5 21 3 20 23 7 14 1 24 8 15 18 12 9 27 28 29 10 
32 2
12 11 10 6 3 5 4 28 17 32 13 29 2 18 27 1 20 22 14 25 15 23 21 9 7 24 19 26 8 30 16 31 
28 11
11 5 27 9 26 13 21 19 24 7 23 3 1 8 4 2 10 28 25 17 12 14 22 15 6 18 20 16 
20 4
10 4 6 3 17 18 7 12 9 20 2 13 14 8 19 11 16 15 1 5 
19 7
3 7 8 15 5 1 6 14 11 10 2 12 9 13 4 17 19 18 16 
27 10
4 13 22 5 2 11 6 17 19 27 25 15 16 14 10 3 1 12 7 8 23 20 26 21 18 9 24 
19 7
1 14 6 4 9 18 19 3 17 16 1 13 5 2 15 8 7 12 11 
43 14
28 22 7 35 6 13 8 25 21 14 12 10 37 34 43 41 31 32 9 26 1 15 4 16 42 40 38 30 3 17 39 20 5 33 2 18 27 36 19 11 29 24 23 
14 3
2 9 12 1 5 4 10 7 14 6 13 11 3 8 
40 4
39 21 24 32 38 12 22 26 7 13 34 1 25 19 29 10 16 23 2 4 20 5 14 18 31 33 30 28 9 6 8 40 11 37 15 35 17 36 3 27 
46 21
25 28 24 30 11 40 2 27 18 34 23 3 29 21 10 36 35 5 1 20 46 42 22 4 41 37 7 16 31 12 17 32 45 33 15 44 39 14 8 13 6 43 26 38 9 19 
33 5
17 16 2 22 15 18 19 28 24 21 26 33 31 13 6 14 32 30 20 4 11 23 8 27 10 9 7 1 12 3 25 5 29 
16 5
14 1 5 6 8 3 4 13 2 12 10 11 15 16 9 7 
10 4
1 7 8 5 2 4 6 3 9 10 
22 8
19 1 21 9 1 18 12 22 14 8 7 3 4 16 15 6 10 20 13 2 11 5 
21 2
14 11 21 16 20 6 4 10 1 2 13 12 17 8 7 5 15 3 9 18 19 
28 11
11 13 1 20 16 8 18 12 15 7 28 14 10 21 24 25 6 27 2 23 9 5 17 3 4 26 22 1 
42 4
39 10 41 29 1 31 20 12 4 14 7 17 5 16 34 35 23 2 27 24 37 6 32 33 36 26 18 25 11 15 21 3 42 38 9 30 13 19 28 8 22 40 
36 18
7 13 12 34 19 32 28 30 24 2 18 21 8 17 22 5 25 26 9 6 11 3 16 27 33 31 10 20 4 23 14 35 15 36 1 29 
43 10
26 33 36 13 30 11 34 1 32 21 43 22 41 10 23 16 25 38 19 2 6 39 7 31 35 3 42 20 15 9 17 8 14 28 29 4 12 27 18 37 5 40 24 
21 6
10 11 8 1 13 21 4 1 7 6 15 2 9 3 17 14 20 19 5 16 18 
27 2
11 2 5 26 10 25 20 8 24 22 14 3 27 9 21 1 13 18 23 19 4 6 16 15 7 17 12 
34 9
22 25 6 8 15 16 4 21 11 3 32 17 26 5 29 13 14 23 12 19 33 27 30 28 10 2 9 34 24 31 20 18 1 7 
33 3
17 8 25 18 26 15 4 28 2 5 10 14 33 22 7 19 23 20 31 1 29 16 6 24 3 9 27 30 32 21 11 13 12 
28 2
3 15 1 24 26 22 19 10 13 17 18 27 4 11 23 14 2 8 16 12 28 6 20 5 7 21 25 9 
33 13
4 1 18 30 29 1 19 32 11 22 25 10 33 15 27 26 13 24 5 23 3 28 20 17 14 8 7 9 12 31 2 21 6 
46 18
43 41 30 27 33 32 13 21 4 22 39 45 35 26 42 29 16 11 36 1 37 2 31 28 34 44 7 12 9 19 18 23 40 5 8 15 46 38 17 6 25 24 20 3 14 10 
14 4
4 1 12 14 3 8 2 1 9 13 7 10 5 6 
16 4
11 7 14 5 9 10 8 12 4 16 1 2 3 13 6 15 
23 2
18 3 17 10 8 9 7 12 20 1 23 6 11 22 5 16 21 14 19 13 15 2 4 
20 4
7 1 10 20 15 4 14 3 17 19 6 8 16 12 9 11 13 5 18 2 
39 10
20 13 19 1 12 33 23 9 25 39 36 5 4 28 21 27 38 7 11 29 37 24 31 26 8 3 34 18 30 32 22 10 2 15 6 35 16 14 17 
43 9
35 21 41 20 19 30 15 29 3 37 16 42 18 13 5 31 2 6 8 38 10 23 26 12 36 4 27 28 25 17 1 32 24 22 14 9 34 39 43 33 40 7 11 
10 5
4 3 5 2 10 1 6 7 8 9 
39 14
12 13 8 7 15 26 4 38 25 22 23 19 35 20 18 9 17 1 14 36 31 21 33 32 37 10 39 3 5 16 34 27 6 24 11 28 30 2 29 
37 5
23 24 13 18 1 10 21 3 33 35 26 20 4 19 22 9 6 5 12 17 37 29 31 32 28 15 16 8 25 14 2 34 7 36 11 30 27 
15 3
1 7 15 11 3 4 2 12 10 9 6 5 8 14 13 
24 6
8 6 16 4 22 18 9 10 1 17 14 3 2 20 13 23 5 12 11 21 7 19 24 15 
14 2
6 5 9 1 8 14 7 4 11 3 10 12 13 2 
29 9
1 18 10 9 27 17 23 16 11 8 15 22 25 24 19 14 29 3 4 20 5 2 28 6 13 12 21 26 7 
21 2
1 10 21 6 15 9 4 14 20 13 12 5 16 7 2 8 18 17 19 11 3 
19 4
15 6 13 17 10 9 19 2 16 12 14 7 18 3 5 1 11 8 4 
11 5
3 9 7 1 5 11 2 4 8 6 10 
26 10
14 25 21 13 22 16 1 11 12 26 1 3 4 8 17 10 24 18 23 9 7 6 20 19 2 15 
37 3
24 5 21 8 22 28 1 19 27 10 31 30 14 32 11 36 9 33 17 25 37 15 20 2 34 7 16 4 23 6 26 35 12 3 18 29 13 
12 4
4 8 3 11 5 9 6 1 2 12 10 7 
21 6
7 2 15 20 18 5 11 10 16 17 3 14 21 19 1 12 6 8 4 9 13 