50
4 26
31 47 21 39 
23 50 46 28 
34 50 17 25 
50 35 30 51 
4 95
92 107 130 141 
107 134 181 80 
138 122 92 68 
148 157 50 179 
4 35
63 31 53 38 
27 59 55 24 
36 57 22 17 
54 39 40 31 
3 87
159 174 54 
111 112 96 
131 73 95 
5 23
32 46 11 42 34 
25 13 27 15 18 
39 42 22 40 32 
36 20 42 39 14 
37 39 17 20 22 
4 95
124 157 137 146 
100 133 147 83 
83 62 94 147 
81 125 118 64 
5 38
60 52 51 52 40 
57 37 27 68 52 
45 44 48 76 31 
27 58 52 62 40 
67 76 47 28 59 
5 74
58 131 101 93 99 
53 44 51 94 118 
86 111 102 39 50 
40 97 48 64 112 
125 129 84 55 111 
4 68
119 45 71 89 
64 56 45 116 
113 61 123 126 
114 95 69 79 
3 43
57 35 80 
64 51 58 
50 40 86 
4 958
1072 847 1604 1229 
1375 947 1658 1683 
1111 1371 1353 1492 
1178 1208 1174 598 
5 932
836 761 1139 1135 619 
669 1778 1424 1298 782 
1419 755 716 598 1113 
1812 1328 586 868 1076 
1758 1483 545 1210 1070 
4 136
255 196 249 240 
250 88 133 143 
110 163 131 251 
80 177 185 123 
5 704
1125 1066 654 1216 1370 
1115 1136 1082 1175 641 
482 693 683 393 1355 
564 1281 1240 668 564 
574 888 1057 900 776 
5 148
291 296 245 218 236 
172 282 196 164 220 
138 95 171 199 123 
243 269 132 231 91 
105 196 158 150 243 
5 108
99 100 174 108 96 
173 70 202 129 142 
191 56 208 135 103 
61 206 194 97 167 
174 140 119 187 163 
5 277
143 434 171 147 551 
291 454 272 401 344 
313 364 538 540 298 
543 518 507 252 538 
480 196 233 353 505 
5 927
1436 1064 1673 1709 1082 
1272 1822 1113 1259 942 
779 1709 1821 1469 904 
1183 1414 854 1721 1375 
733 1562 1757 678 1314 
3 446
308 859 319 
253 658 608 
836 588 237 
4 570
703 344 1026 898 
1110 1005 661 526 
592 389 767 510 
951 933 330 891 
10 669
1114 632 1130 1064 777 1175 712 351 1090 1259 
372 584 779 863 654 644 578 619 485 1020 
902 847 1143 463 1112 920 1225 1166 627 1138 
829 402 431 620 1133 874 457 506 892 1214 
427 931 460 872 455 780 1183 700 1065 1335 
381 629 843 1191 759 617 772 645 444 1065 
444 940 1134 542 1227 928 1083 345 1101 636 
1226 1194 1233 347 728 350 794 572 717 521 
568 765 816 1078 617 1241 356 1056 548 467 
782 659 1073 578 867 961 1173 612 973 935 
8 529
625 640 691 937 653 1055 331 957 
408 517 503 789 311 728 712 329 
504 882 434 859 344 1019 1053 767 
720 922 987 431 603 652 847 965 
1028 480 844 623 476 911 522 620 
369 761 350 416 430 799 481 671 
623 652 471 703 612 465 412 274 
328 340 442 668 728 1026 574 698 
7 129
258 160 246 127 248 77 249 
74 114 95 206 168 194 99 
68 245 207 153 100 243 156 
116 67 200 215 181 192 96 
92 237 120 92 138 107 155 
128 120 145 139 171 176 86 
80 112 121 84 99 69 174 
7 949
530 1385 1847 1525 1067 1279 1036 
1306 1488 875 1717 1697 1423 611 
942 1893 1025 1540 1016 1810 940 
1178 504 1298 1597 655 1560 1636 
1462 664 1562 1518 1575 1510 1145 
744 890 1707 1577 480 684 1395 
1704 1633 1533 747 1628 659 1813 
6 77
69 118 48 136 93 63 
109 71 144 124 44 113 
98 129 51 120 46 152 
94 47 52 52 148 148 
139 53 125 154 46 148 
45 77 111 56 59 49 
7 797
865 740 1040 929 1511 460 666 
452 1304 753 429 680 847 582 
831 776 512 675 935 1412 674 
1022 1344 756 1429 898 945 455 
1020 1394 1406 1488 540 852 822 
456 915 1091 510 625 1447 542 
908 699 726 1341 1078 841 421 
6 225
197 294 114 298 248 256 
114 264 432 396 211 402 
436 339 184 114 147 380 
146 211 338 187 356 423 
280 284 277 405 291 283 
140 376 127 143 224 263 
8 345
636 413 264 269 339 242 618 450 
246 672 341 299 307 688 415 681 
646 672 426 381 603 182 643 647 
588 666 176 240 379 446 416 324 
688 508 422 337 579 349 615 654 
331 266 262 467 263 506 457 219 
487 193 428 400 204 381 357 620 
357 362 688 564 636 414 198 633 
6 538
437 996 977 319 939 418 
465 273 877 608 793 513 
682 476 546 275 832 596 
601 313 486 889 609 483 
692 525 860 733 436 953 
356 604 873 1064 654 736 
6 724
995 1364 515 614 606 1071 
893 980 1080 565 1421 440 
625 627 1274 1083 915 757 
1428 624 1382 566 458 413 
1017 1271 397 449 813 581 
1232 1447 496 1385 612 741 
8 723
1357 638 1345 1329 716 522 508 542 
1243 1061 937 1223 1323 871 1427 1419 
922 996 1242 958 1083 607 1177 866 
605 1311 802 855 604 362 551 515 
639 449 398 995 611 545 1176 408 
1246 666 1270 1122 1177 1250 1095 653 
799 891 1250 435 1138 980 941 1382 
845 1383 791 1089 1384 981 1243 577 
9 848
1421 1549 445 1103 1604 1483 1462 1397 1103 
1145 1167 691 1488 1681 1313 1257 496 951 
710 1176 876 1278 1101 1381 858 1028 835 
620 1282 1667 424 1006 1520 446 1686 1427 
1505 1452 1128 911 901 598 1178 692 583 
795 1525 655 1322 539 1407 502 1394 812 
1459 556 1416 597 752 1002 568 752 1584 
1664 774 1574 1395 582 1330 827 1070 534 
1002 552 802 1161 923 631 1393 549 746 
8 168
87 296 330 114 240 111 179 102 
140 244 333 134 314 308 327 93 
235 154 221 257 269 247 332 162 
93 121 102 118 185 237 158 189 
197 151 219 100 179 314 118 235 
222 115 285 200 86 276 209 238 
93 93 159 278 256 155 104 266 
192 123 300 294 277 121 146 137 
8 785
717 1327 1212 880 856 679 1025 617 
1221 1039 1512 626 581 1556 671 934 
1285 1477 1268 1382 1146 596 1565 975 
397 1287 1151 688 1535 463 432 681 
1399 1252 1169 684 1540 624 910 1190 
1271 852 1424 1460 838 525 824 552 
431 521 1543 1186 726 1538 591 731 
1254 1350 1027 1218 1422 1068 1508 1251 
7 611
1202 559 1042 687 1181 809 1046 
1067 723 475 1171 1059 600 1202 
1160 578 903 502 552 1058 766 
306 887 343 949 771 870 900 
523 1149 539 502 486 359 884 
444 863 707 1207 363 878 1156 
1118 1173 1136 1056 529 816 336 
8 385
502 490 199 527 318 494 305 694 
631 258 263 755 372 297 542 460 
649 217 451 686 579 409 620 548 
354 515 689 677 535 408 317 267 
707 325 602 254 627 715 757 488 
203 249 473 384 355 244 653 233 
270 333 728 657 550 578 434 713 
322 353 620 665 570 745 740 506 
6 661
976 1262 887 952 777 907 
1051 1259 1237 338 357 1035 
409 491 1277 336 1290 900 
999 713 801 1223 990 542 
1043 646 499 991 1185 685 
651 839 625 1209 469 1073 
8 868
1326 930 1573 1361 552 1678 1573 492 
1687 1530 1240 1262 731 556 1132 1598 
835 765 710 1057 1633 530 1524 752 
1198 609 603 1381 1584 1211 1207 1173 
1707 1044 798 523 985 635 582 935 
1731 1389 461 726 1511 1159 587 609 
1490 864 1233 1386 961 1021 1704 1725 
1196 571 1370 1043 1349 840 480 1319 
9 322
523 259 388 578 445 386 449 456 494 
365 241 552 430 633 228 243 503 423 
461 491 419 261 542 283 487 398 434 
504 243 328 173 605 426 401 539 227 
626 343 522 476 547 603 383 333 592 
450 416 450 229 233 297 488 333 195 
610 176 432 400 520 515 567 532 476 
349 288 370 415 270 553 293 585 456 
252 324 628 199 614 400 489 198 472 
10 757
378 413 1154 414 1051 579 1257 748 396 994 
1489 839 1294 845 1438 414 630 613 1413 1324 
827 660 1286 917 588 711 550 676 1444 505 
396 1444 540 1173 1480 1214 1374 1223 447 1393 
702 421 717 482 889 640 518 1142 875 416 
952 1325 699 723 727 909 1057 900 1207 986 
1027 1226 916 1189 884 881 888 744 590 958 
622 914 1002 962 1018 1513 1224 1159 1141 585 
1198 578 395 383 924 744 914 466 1266 607 
1075 779 1456 476 453 825 980 964 1192 1192 
11 467
365 636 545 761 635 365 541 405 494 346 528 
504 349 866 731 680 920 578 822 649 825 786 
710 872 360 380 532 863 883 550 815 314 252 
425 842 655 558 449 827 819 562 421 389 679 
352 887 425 338 530 313 754 421 866 530 358 
292 677 658 922 626 273 802 707 293 292 614 
715 618 831 608 502 458 796 658 905 916 610 
395 319 908 476 841 394 407 436 519 466 881 
242 453 572 283 321 345 344 381 727 826 766 
623 499 333 849 361 758 819 342 434 280 428 
407 523 335 568 697 538 855 931 485 865 450 
35 487
561 245 339 715 760 958 539 435 504 644 345 638 460 957 752 670 274 956 852 577 330 471 330 649 388 326 912 315 552 797 296 871 799 392 612 
584 376 909 777 637 578 879 301 796 861 810 492 893 791 370 495 879 598 583 553 743 666 491 816 244 313 869 872 870 287 510 480 420 444 282 
814 779 918 873 601 805 708 850 723 525 245 244 429 601 584 740 369 276 256 943 278 326 837 908 954 881 443 459 327 644 498 899 449 441 797 
807 271 530 682 752 812 685 753 267 311 363 764 438 397 777 406 432 861 269 365 840 908 566 324 260 967 579 916 441 778 738 274 807 294 713 
584 863 424 363 887 493 484 677 689 639 479 853 828 366 879 951 963 813 543 313 830 535 650 772 734 453 535 765 286 586 504 628 475 685 749 
388 936 258 822 650 655 327 529 508 450 433 485 438 271 785 509 859 346 916 656 837 395 949 628 438 561 889 823 793 600 598 938 561 613 786 
969 293 870 523 559 345 714 802 541 743 613 807 627 716 749 309 579 902 283 964 365 601 878 946 420 503 569 384 822 940 927 816 259 822 365 
576 925 836 403 492 604 774 324 257 515 831 323 852 758 364 841 881 722 744 853 899 273 448 309 852 414 261 694 430 841 817 763 791 678 924 
308 308 724 390 322 264 247 403 873 763 524 740 670 272 510 548 929 540 754 263 418 925 282 870 380 880 712 901 697 416 851 763 481 600 911 
561 622 916 721 521 704 271 286 399 301 553 705 255 851 484 276 294 434 315 922 572 952 659 499 675 832 376 464 339 734 400 657 381 341 404 
660 802 432 703 959 490 282 689 503 890 931 536 941 391 609 889 720 587 573 245 287 431 378 508 527 869 666 941 276 764 370 693 592 560 421 
576 808 460 291 336 376 248 630 343 396 264 257 873 608 587 875 653 776 279 918 328 905 609 295 938 399 423 657 748 740 835 350 574 321 399 
668 454 404 323 554 557 345 568 456 711 913 357 389 714 393 333 799 324 699 851 288 856 300 702 629 797 563 737 396 641 893 821 853 323 902 
432 637 273 758 851 741 696 965 887 436 384 245 261 465 702 870 511 583 927 970 970 749 559 732 903 957 651 750 836 731 678 294 394 708 809 
270 474 531 261 387 724 402 389 743 624 849 638 893 458 590 888 453 365 473 943 293 456 620 801 317 377 505 368 529 970 935 556 470 492 575 
614 974 734 761 742 384 636 405 302 851 752 948 330 874 446 298 925 659 676 752 734 810 282 859 364 278 820 678 505 337 279 877 336 770 664 
835 912 325 266 972 934 775 945 289 675 417 345 626 834 778 403 593 614 443 478 736 478 323 440 741 418 476 643 511 271 332 372 941 415 395 
938 374 928 908 420 629 351 523 280 942 326 441 561 698 642 796 459 877 877 656 643 320 890 312 589 918 402 719 885 575 871 848 706 825 782 
884 480 890 432 517 858 516 716 444 972 383 265 456 286 899 870 687 245 785 756 591 729 916 335 639 516 964 512 247 815 319 889 320 967 347 
595 850 620 337 319 617 478 342 831 521 267 727 965 269 538 747 618 292 688 711 689 961 701 959 966 542 304 880 620 296 252 972 904 630 335 
248 273 570 348 862 848 372 614 838 399 909 611 775 959 324 512 674 311 970 658 302 538 719 940 915 773 950 912 702 606 273 708 636 600 813 
524 473 943 895 337 368 830 705 900 815 787 437 514 855 433 930 914 728 675 880 668 473 855 606 932 486 636 666 880 262 504 429 492 473 350 
587 598 937 318 523 778 862 718 318 742 908 273 682 662 706 587 355 936 467 719 894 711 381 585 616 400 847 802 650 345 909 262 700 872 338 
249 676 957 724 752 725 658 783 432 345 514 776 458 475 269 934 395 738 340 737 379 497 609 939 904 712 874 924 437 772 287 444 474 270 925 
251 752 608 791 941 710 330 743 925 562 770 885 714 533 250 477 670 505 844 634 435 581 534 385 776 331 429 245 562 457 928 570 966 561 387 
933 297 474 702 248 794 498 890 534 788 898 768 484 429 638 875 621 245 435 764 778 524 950 781 843 433 734 439 424 321 584 383 375 815 843 
380 635 366 296 926 912 951 720 421 405 383 322 784 386 514 573 922 795 549 728 664 739 488 861 921 566 470 330 699 310 930 837 702 321 890 
654 258 867 399 436 298 540 516 840 684 787 439 631 608 745 384 297 510 629 915 457 953 411 545 677 478 500 540 938 579 456 618 595 348 775 
788 404 341 330 269 782 874 466 438 508 969 579 562 504 966 503 719 945 671 289 648 907 547 945 871 883 426 514 503 532 314 317 693 412 404 
720 952 304 944 415 569 938 751 889 468 743 417 944 713 846 259 386 779 563 357 675 472 540 947 732 830 287 807 549 457 969 295 434 298 264 
606 625 959 383 539 452 883 714 422 622 586 439 765 390 759 880 823 257 445 796 747 301 840 579 607 323 573 659 514 629 680 877 279 665 286 
576 874 926 316 322 574 659 518 365 807 303 270 656 317 473 477 821 531 343 426 895 423 757 580 694 412 286 597 448 708 640 782 608 592 855 
687 923 540 963 313 373 291 340 786 366 571 288 944 859 389 396 779 569 910 385 288 347 428 643 553 893 309 361 527 658 974 971 607 539 960 
678 670 276 776 481 399 372 527 369 256 673 523 793 267 458 935 313 563 389 714 874 307 780 260 591 464 259 588 828 556 574 531 251 607 333 
490 764 462 774 891 475 472 439 294 497 655 255 568 244 401 307 875 465 845 893 814 334 910 428 920 491 759 477 500 392 567 747 914 786 547 
34 39
62 23 26 23 57 27 50 57 40 55 49 59 44 42 45 52 37 61 47 57 43 67 78 55 33 59 50 78 24 38 21 68 43 29 
73 21 38 44 59 60 21 29 40 47 52 67 20 71 49 49 49 73 37 48 50 52 29 22 51 35 42 54 25 66 65 19 69 25 
45 49 66 47 60 28 75 34 76 77 26 46 48 56 41 67 26 73 40 37 77 73 54 40 49 60 28 36 61 78 42 27 49 30 
55 30 39 52 46 36 50 53 64 20 31 27 68 39 22 29 58 20 24 33 42 54 75 51 72 57 51 35 65 22 46 42 34 67 
76 61 24 48 36 70 49 49 19 38 69 23 48 48 24 54 63 48 30 59 21 23 38 53 39 25 56 67 48 72 55 45 54 61 
74 71 53 45 41 53 64 32 58 33 62 63 69 46 32 20 27 34 24 46 69 44 52 47 33 21 40 69 48 76 52 44 69 26 
70 31 61 56 45 40 71 28 25 61 56 39 62 64 55 67 31 45 33 64 74 47 67 36 38 37 33 72 63 23 19 55 36 62 
32 62 24 24 72 31 66 49 51 49 34 27 38 46 54 52 32 50 21 20 67 41 38 21 34 23 25 35 59 43 19 72 26 24 
77 19 36 64 50 69 35 65 78 54 32 53 27 46 25 30 47 73 52 67 76 67 71 22 23 51 46 23 45 54 29 43 55 47 
29 26 37 45 72 36 20 26 71 29 53 77 40 22 72 74 71 69 62 64 72 67 37 40 72 63 76 22 28 52 51 38 60 69 
64 53 27 66 61 19 76 36 77 38 40 70 33 32 61 77 77 54 66 36 76 59 20 74 63 29 48 35 48 29 26 34 64 34 
21 46 34 19 64 33 39 25 25 54 39 67 52 37 43 39 55 41 20 56 37 65 67 66 21 36 76 29 52 61 44 54 29 60 
55 74 75 75 21 22 50 41 71 24 60 36 44 36 59 46 73 77 32 61 64 35 19 61 45 53 44 71 28 54 52 65 50 49 
61 52 52 33 74 44 38 55 62 64 72 42 31 67 40 45 50 25 61 51 68 27 25 33 20 35 68 53 21 39 23 64 72 57 
78 68 23 37 44 66 22 38 29 35 27 50 61 58 57 43 30 46 52 37 60 54 53 50 28 55 70 33 40 64 72 39 54 76 
58 20 64 62 39 74 78 47 46 61 27 24 26 39 51 60 57 33 35 31 64 44 68 56 59 29 41 53 50 77 50 29 78 35 
72 38 31 72 67 58 54 76 64 61 36 37 43 74 51 59 27 36 25 76 73 65 27 36 39 58 34 71 69 33 28 63 53 40 
57 42 20 32 39 65 75 56 23 39 52 56 20 60 73 26 58 68 73 66 25 34 46 41 26 36 56 36 21 30 58 59 53 59 
72 73 46 69 51 51 30 24 29 31 66 23 39 45 73 33 32 20 48 59 42 56 77 19 74 19 31 53 59 65 34 53 60 62 
44 32 35 56 38 45 69 25 50 29 51 44 44 65 45 74 46 69 52 44 70 47 45 22 22 26 69 37 61 50 21 26 64 37 
63 23 63 54 30 34 64 62 60 30 49 27 25 76 77 59 42 68 27 69 72 30 76 62 49 58 34 52 66 19 70 51 24 55 
26 35 71 72 19 52 23 49 60 30 47 59 70 71 48 19 61 41 31 58 25 62 38 40 35 25 40 26 58 46 63 65 62 55 
59 63 29 64 33 70 76 61 51 67 53 21 68 36 44 20 76 50 63 35 71 19 42 33 27 21 60 71 68 44 47 48 28 57 
34 43 49 31 26 21 19 61 24 68 78 49 70 75 20 55 32 72 56 55 27 64 58 69 57 47 34 26 77 44 65 32 68 35 
44 75 38 45 57 43 35 57 73 26 53 75 63 66 69 40 43 77 25 22 67 64 51 23 71 49 49 57 63 38 74 29 35 33 
55 74 58 72 52 53 20 27 49 64 75 39 25 39 38 32 43 27 77 76 32 69 46 62 47 31 21 43 41 37 57 77 33 37 
70 66 72 72 74 42 57 71 63 63 32 23 77 56 31 75 53 44 66 21 27 35 33 30 59 56 49 38 55 63 56 46 51 49 
40 47 73 78 39 58 63 52 62 61 30 74 57 65 40 44 67 49 60 22 61 41 59 31 60 35 76 37 63 48 68 24 77 62 
23 37 41 67 71 24 50 22 20 28 68 42 54 57 73 36 60 55 58 41 68 39 57 66 58 42 35 47 47 33 31 52 52 54 
41 44 60 72 48 61 22 37 25 57 75 20 75 57 56 54 19 46 75 58 33 54 21 50 23 50 65 35 24 39 70 47 64 51 
41 33 34 44 52 41 23 49 42 19 27 20 55 27 48 51 67 63 27 69 34 31 41 21 48 47 41 40 75 27 73 37 42 29 
63 75 51 67 46 75 68 54 77 44 63 46 77 51 30 25 42 46 38 65 49 67 33 71 29 30 20 23 49 43 33 33 40 66 
22 68 63 71 43 61 37 28 29 35 60 41 41 24 68 60 70 38 49 25 31 59 37 33 64 67 57 19 21 19 66 25 68 51 
77 33 33 35 42 43 52 24 65 74 29 55 56 21 75 27 28 28 67 46 42 53 35 21 53 38 22 41 44 71 73 43 26 27 
30 263
354 225 371 268 198 443 510 446 463 487 501 526 152 428 314 305 258 420 320 486 150 340 237 316 294 200 475 343 259 350 
152 483 445 392 224 512 309 208 432 245 169 406 245 190 307 428 364 435 322 158 395 341 367 502 131 134 176 475 347 305 
299 368 261 217 234 355 203 412 432 504 526 471 383 244 134 164 146 368 469 337 395 338 151 235 313 151 239 359 496 455 
137 268 297 267 355 400 491 427 285 397 404 285 342 261 399 345 295 414 187 238 225 451 445 245 160 232 266 269 460 236 
198 466 374 364 207 202 237 172 498 392 439 376 151 254 507 419 468 276 307 524 384 401 449 303 516 478 404 256 221 338 
361 288 277 208 521 354 279 231 395 251 493 307 497 513 430 478 406 371 228 186 369 481 457 291 257 446 243 135 176 333 
342 406 490 489 483 485 316 236 190 184 357 156 360 328 143 264 280 418 505 377 473 347 332 403 508 459 323 225 463 368 
428 279 248 392 242 205 350 427 311 409 481 141 434 315 339 446 448 488 338 426 339 284 247 144 161 229 472 354 324 409 
196 225 162 313 486 273 388 310 174 172 192 524 183 496 312 391 416 234 352 227 133 164 381 250 178 412 349 520 239 146 
402 305 241 434 488 201 180 349 380 223 390 441 221 442 411 402 307 300 506 132 397 509 166 251 232 213 136 451 206 245 
466 478 419 180 385 380 250 435 203 499 132 462 414 222 378 298 494 158 468 474 160 338 456 195 459 162 278 465 482 353 
183 421 305 471 471 163 325 195 468 397 168 470 333 451 166 185 223 134 213 165 477 242 373 406 307 305 437 454 243 392 
281 296 287 455 241 231 488 435 296 429 306 333 372 509 257 408 167 350 411 249 385 361 361 231 241 142 406 151 466 519 
413 220 288 173 148 398 274 506 306 439 408 482 246 254 464 373 135 501 196 415 223 451 250 454 155 360 465 430 381 404 
423 267 494 184 310 512 451 454 491 231 367 372 187 482 496 520 328 501 494 394 390 191 318 509 515 343 342 454 247 197 
332 143 333 299 196 513 284 517 440 248 221 281 490 278 236 460 271 434 434 239 301 298 300 489 280 288 305 492 216 421 
162 417 433 365 190 499 351 343 489 265 461 184 415 425 331 521 359 472 428 267 184 203 434 353 166 188 511 340 153 200 
235 185 487 141 419 150 510 244 363 472 378 298 525 267 196 330 261 425 275 163 165 328 236 469 155 271 526 140 480 152 
209 188 207 170 199 495 189 182 212 421 524 460 192 523 200 258 326 331 156 470 364 191 272 469 133 297 213 132 306 167 
154 385 225 230 424 294 199 482 346 281 377 343 215 438 339 284 169 138 485 195 478 322 256 223 264 258 390 347 260 169 
384 284 424 478 384 322 246 452 278 461 207 524 277 291 436 486 445 475 494 404 143 445 199 268 142 333 396 401 153 526 
440 407 283 338 359 140 133 474 462 280 408 142 278 159 303 187 515 222 135 482 495 148 400 167 286 411 370 155 286 392 
154 200 272 306 407 501 316 410 448 251 164 330 263 311 358 436 368 346 131 372 302 495 390 175 136 149 456 375 173 216 
241 197 285 383 373 166 357 163 445 278 283 479 478 416 263 309 325 500 525 326 346 300 295 209 345 300 227 275 149 270 
360 259 337 515 512 184 154 342 216 469 490 368 421 441 258 158 224 453 132 223 253 348 393 417 426 211 191 523 356 209 
267 189 338 474 177 324 131 201 139 216 144 499 454 434 414 185 462 507 508 463 204 234 284 466 520 184 151 184 181 376 
263 318 435 471 265 481 268 265 156 277 351 169 250 278 473 137 333 408 514 314 345 191 418 499 526 411 157 151 465 207 
396 202 395 304 147 133 259 284 268 284 431 489 323 154 240 269 160 443 151 147 231 366 207 518 338 207 403 364 227 341 
441 492 413 310 270 429 312 398 187 450 156 487 412 348 510 522 487 144 438 507 161 142 346 237 134 158 314 406 392 410 
221 307 376 503 486 516 405 272 388 462 196 413 422 477 235 406 473 195 419 385 176 449 397 392 160 400 419 344 279 285 
18 305
534 549 401 487 537 261 192 376 185 267 245 524 210 366 384 607 441 260 
443 493 170 293 337 205 605 213 452 318 391 565 595 315 504 386 192 431 
495 232 196 529 348 290 442 407 504 215 403 334 323 236 217 342 377 402 
396 372 463 237 539 244 192 523 408 545 298 448 365 183 529 409 560 266 
547 391 521 441 455 314 164 167 398 229 358 165 480 602 385 333 229 314 
425 269 227 223 203 374 519 416 405 437 215 354 552 152 594 462 441 438 
166 454 453 413 532 200 426 401 192 201 582 269 363 397 386 439 469 438 
202 377 244 455 204 308 199 604 308 182 456 598 468 470 442 311 272 363 
360 547 154 400 596 585 517 349 372 293 177 230 579 227 455 213 531 508 
369 578 502 526 609 347 514 466 206 345 167 327 557 375 263 559 165 249 
533 530 447 294 213 473 372 181 549 217 242 469 574 460 437 465 375 435 
201 278 290 256 472 306 431 418 529 543 367 542 181 289 462 477 432 523 
339 194 553 277 260 185 594 223 493 420 537 257 244 586 384 383 232 245 
537 512 511 456 444 267 388 474 405 240 340 227 153 527 269 554 193 378 
588 176 449 470 445 375 576 538 351 349 311 431 442 238 332 343 542 166 
459 320 488 253 408 217 328 410 592 446 353 174 213 331 199 511 191 493 
276 156 420 476 354 579 296 186 206 477 377 597 491 225 307 369 327 564 
434 504 363 416 340 565 439 401 285 486 302 324 369 427 329 178 292 531 
39 315
584 209 314 343 195 191 419 355 415 601 307 233 491 526 506 211 478 328 469 616 200 625 321 424 435 504 452 580 422 447 401 376 499 558 562 538 593 351 263 
377 322 414 453 182 309 328 236 157 500 549 617 544 543 307 338 348 180 159 298 446 450 542 191 319 470 597 227 432 318 333 179 483 590 475 508 268 173 588 
269 517 506 255 431 419 405 612 610 429 615 277 245 435 189 279 597 503 246 193 305 408 370 327 260 329 172 612 441 189 569 553 549 445 178 349 233 426 331 
213 225 315 334 313 593 366 436 560 239 526 597 387 303 336 557 406 509 572 388 319 604 327 242 523 615 263 242 218 533 416 275 601 575 452 284 538 188 563 
467 270 458 433 500 604 613 427 380 491 369 611 180 342 307 266 235 292 372 320 353 275 579 472 245 523 293 372 430 325 305 267 438 606 544 308 580 526 579 
330 387 317 310 410 502 461 519 580 597 261 270 320 379 218 161 468 585 297 210 385 466 358 496 273 334 409 425 283 305 373 457 535 533 611 315 405 441 204 
355 408 308 468 571 531 530 575 368 485 242 421 240 551 623 579 194 326 358 462 453 507 205 280 412 582 260 570 357 544 617 555 321 295 393 262 195 293 206 
407 622 291 198 231 212 190 180 249 360 382 555 183 258 603 306 514 555 410 454 281 324 441 205 488 579 442 594 618 578 169 394 569 304 436 170 359 470 193 
452 200 419 376 227 521 349 376 404 273 630 227 397 323 511 446 181 460 257 618 447 205 630 211 618 304 490 158 507 329 195 328 373 457 548 443 347 266 189 
595 382 188 191 623 354 546 438 378 375 539 365 191 588 365 246 576 512 579 577 389 278 616 560 494 442 477 306 159 587 338 597 339 370 158 331 567 547 613 
314 291 522 522 326 480 256 415 425 612 364 372 370 485 357 300 349 169 620 499 171 577 207 612 285 420 613 460 356 530 442 513 190 334 405 360 183 505 618 
451 486 351 193 226 206 393 369 398 406 359 267 420 305 317 402 434 580 385 263 306 284 548 189 318 252 438 521 278 312 508 573 168 229 609 237 278 372 449 
519 621 177 629 411 326 316 182 603 266 411 235 415 538 627 448 225 248 255 590 369 410 467 311 421 540 290 501 187 506 320 550 496 341 549 277 510 234 303 
482 343 557 561 602 465 557 419 533 175 518 493 387 297 330 542 562 239 202 433 269 551 596 189 417 306 581 537 185 184 209 511 371 610 441 343 444 368 606 
347 386 493 209 617 159 382 529 564 465 574 366 578 494 332 610 281 481 560 187 510 588 240 391 329 220 202 515 507 413 490 224 168 353 277 629 355 503 527 
289 337 470 499 284 334 201 263 458 526 192 489 405 624 573 166 322 162 211 207 513 467 540 580 479 262 227 477 461 573 373 594 279 213 463 406 390 507 513 
218 402 549 551 177 542 493 186 234 499 240 284 381 551 193 331 400 299 401 247 604 343 464 567 466 520 399 242 280 275 598 341 521 516 261 541 428 598 570 
505 466 180 158 217 575 195 391 344 338 161 435 311 348 268 248 183 157 491 268 280 610 236 465 500 596 570 410 393 538 350 268 373 374 269 433 318 308 194 
506 489 199 310 170 390 421 262 416 422 597 528 545 576 607 380 446 572 320 226 335 227 419 446 444 163 559 247 324 236 284 200 569 326 353 583 559 618 215 
345 409 181 243 324 601 219 548 416 161 237 485 339 308 274 629 595 280 557 211 448 163 338 491 575 507 214 528 436 201 586 625 454 611 237 621 581 300 538 
366 304 619 221 487 296 338 485 260 462 411 315 280 417 496 615 362 373 198 260 179 243 216 173 540 196 253 531 620 396 439 356 543 427 420 399 566 602 254 
196 434 508 354 557 295 220 542 501 436 583 604 458 196 189 474 580 228 571 480 218 336 289 417 249 559 207 492 494 179 589 534 456 467 257 383 605 320 294 
475 600 247 448 427 287 481 271 236 553 211 560 614 391 218 401 483 621 451 345 485 474 303 388 299 613 489 526 588 178 190 432 621 281 250 418 412 575 532 
492 497 587 421 480 347 483 251 199 474 546 388 328 389 534 559 532 517 417 428 474 439 461 276 430 586 370 217 367 314 593 228 180 549 493 504 266 346 599 
309 189 514 540 360 272 443 289 174 330 550 445 173 358 276 293 157 232 507 218 442 190 180 514 214 573 377 562 208 566 530 360 599 414 269 329 530 556 461 
547 255 380 362 271 582 482 408 583 557 284 170 368 318 194 252 376 610 472 307 188 408 207 391 376 464 503 548 363 428 378 280 527 602 486 168 554 337 419 
506 263 547 519 475 234 557 570 454 536 411 604 567 189 181 328 408 489 201 325 222 473 547 345 369 519 200 380 442 380 169 317 487 559 206 331 163 606 270 
460 512 525 434 449 557 459 621 335 317 191 504 382 507 420 571 246 309 615 470 594 365 482 281 221 410 331 395 417 307 509 246 188 404 524 481 331 352 472 
509 512 506 382 264 383 172 205 473 324 189 312 288 397 163 413 462 417 587 227 203 263 580 293 295 353 187 620 528 382 461 407 264 336 159 371 563 174 419 
405 342 452 561 474 219 567 256 524 354 212 594 400 319 543 537 457 266 567 446 163 319 276 414 426 456 416 167 389 434 430 164 620 252 568 463 314 505 563 
207 228 618 171 472 306 558 378 607 194 315 422 201 477 542 458 273 368 243 283 601 521 557 608 510 178 546 343 336 420 275 386 491 263 401 332 413 329 553 
389 366 238 181 411 558 566 238 201 304 325 328 274 216 254 252 569 276 167 282 455 430 400 211 290 506 456 466 288 628 388 521 364 470 545 618 397 481 226 
441 629 395 612 272 454 236 367 393 356 378 518 180 177 287 234 311 163 534 620 295 531 378 185 264 217 573 252 458 424 321 269 422 559 250 537 382 330 274 
618 529 495 505 553 516 162 157 196 168 534 185 306 434 406 334 542 467 277 163 294 544 328 406 335 256 500 242 482 199 360 470 572 225 345 494 584 350 494 
624 362 398 178 512 201 428 216 587 264 337 594 401 250 291 177 429 391 520 515 243 563 245 556 505 313 271 368 267 465 232 260 196 473 281 552 518 553 611 
475 186 317 438 431 411 573 451 210 333 341 568 419 273 182 345 621 339 459 359 449 293 435 552 333 278 203 254 166 599 235 484 628 396 292 429 176 234 249 
230 410 433 168 199 550 194 387 540 376 215 269 194 352 547 590 529 194 162 627 204 604 231 531 602 471 192 400 491 269 492 564 523 295 575 565 214 612 321 
598 357 380 236 395 576 627 354 474 190 360 470 238 333 545 612 304 385 174 547 245 287 409 178 179 547 597 588 605 578 279 572 305 502 178 544 447 174 268 
290 208 471 604 289 173 518 271 321 272 288 238 360 418 490 382 441 407 348 398 382 296 520 323 444 392 344 358 209 361 469 343 413 310 316 545 327 203 185 
31 177
178 322 293 325 243 153 218 117 261 88 244 340 293 338 235 158 177 348 188 292 257 293 170 344 115 121 172 141 137 94 233 
228 328 171 198 217 237 329 247 144 329 136 129 268 120 276 338 209 270 172 147 173 110 229 162 138 263 247 192 313 253 337 
186 227 153 297 89 303 271 248 93 246 297 134 159 329 323 143 184 238 227 243 324 250 117 131 300 293 290 137 251 189 119 
349 328 185 291 330 133 208 223 138 100 166 185 172 140 153 227 236 304 100 125 273 262 155 317 207 93 252 256 257 353 288 
251 327 118 188 302 164 309 170 215 322 249 312 139 301 111 278 183 328 291 220 246 198 287 208 318 293 106 220 195 105 153 
92 344 183 193 291 260 148 107 120 115 268 345 166 215 101 89 310 342 292 176 233 136 109 354 99 315 106 231 155 123 297 
159 112 125 265 316 297 325 336 330 352 249 320 163 110 334 165 333 321 103 154 200 151 176 199 163 136 217 307 203 253 249 
275 277 286 186 239 229 156 220 204 153 115 170 228 137 149 306 115 116 321 182 228 117 271 340 192 319 202 144 168 101 306 
89 290 238 187 175 112 255 307 229 321 334 312 194 116 106 145 144 134 112 239 275 141 155 260 246 119 108 303 200 121 254 
201 323 138 300 143 162 201 96 304 167 342 262 274 104 280 332 161 327 89 312 247 142 112 153 301 144 173 250 256 206 149 
103 174 199 316 230 274 162 239 224 241 226 131 160 243 324 137 316 297 138 274 190 193 299 255 139 89 340 302 258 191 97 
273 278 209 234 154 128 308 305 265 195 177 309 267 332 278 316 294 221 100 213 323 206 158 223 258 159 209 205 329 312 214 
247 235 335 127 302 109 348 252 286 188 341 241 100 318 165 329 258 298 342 116 266 193 186 135 96 258 256 213 232 214 340 
125 94 320 165 309 341 158 206 273 258 192 159 271 156 236 246 326 179 234 88 91 339 187 139 348 90 308 207 235 167 192 
272 174 157 350 128 144 153 246 329 324 351 133 240 152 282 132 124 107 278 124 111 263 224 162 256 226 115 108 106 194 212 
291 281 282 286 321 338 352 212 313 321 209 92 207 274 286 252 310 305 175 347 329 351 216 136 252 88 164 273 107 271 131 
311 197 325 243 163 309 240 288 267 207 142 271 326 328 203 223 284 154 311 276 128 307 138 176 205 139 253 123 158 169 166 
115 278 137 270 353 91 156 287 271 275 341 188 246 315 303 115 244 102 339 166 142 292 217 231 142 268 130 178 339 211 257 
99 134 306 281 133 310 349 332 227 269 319 327 161 279 275 189 169 289 173 247 344 111 109 221 165 290 263 255 274 120 158 
285 166 109 212 212 332 207 190 204 121 154 176 195 346 97 297 161 299 116 320 288 139 342 155 217 278 331 118 197 96 188 
127 175 209 252 299 187 104 135 303 138 202 125 246 193 134 188 266 345 216 232 279 268 220 347 130 143 323 160 252 331 260 
292 152 115 190 96 214 206 144 163 256 258 201 148 96 247 248 275 238 110 153 163 290 285 155 332 341 123 137 238 100 310 
176 165 337 278 173 197 130 230 273 298 133 119 91 142 278 252 329 162 274 127 237 209 325 304 187 311 340 237 195 353 192 
283 163 174 207 249 284 249 124 202 193 169 233 197 223 157 95 198 232 281 238 114 136 208 331 235 165 317 118 272 315 222 
201 124 309 321 285 238 215 322 353 321 136 231 164 272 301 171 116 178 98 266 204 146 119 181 294 196 143 324 114 103 192 
227 140 146 193 337 296 321 304 295 288 353 171 97 271 117 180 299 208 190 210 325 249 242 151 188 350 206 158 110 222 262 
249 274 320 88 257 262 322 207 202 255 205 286 264 122 316 90 333 169 192 188 139 354 342 203 188 338 322 258 93 189 166 
255 109 132 256 279 307 223 131 154 124 249 353 300 283 314 303 261 129 140 95 181 140 349 296 240 333 264 144 339 99 222 
240 120 266 141 312 218 277 88 285 313 249 283 259 177 243 207 351 285 260 91 112 312 353 320 197 331 230 254 316 241 121 
201 274 299 255 231 163 177 231 94 135 126 289 307 215 178 159 211 109 331 215 133 289 213 99 132 189 241 298 151 127 331 
264 313 276 164 189 352 253 333 91 301 104 293 254 232 116 325 89 137 302 216 183 236 341 194 280 176 347 223 239 120 200 
17 484
634 615 493 326 340 433 335 923 478 893 648 870 245 567 873 381 424 
495 640 828 458 930 625 699 910 268 385 271 574 551 246 666 925 497 
751 296 689 844 250 925 769 656 827 773 255 731 912 438 257 584 297 
474 546 681 932 487 707 348 517 312 657 521 737 613 777 519 668 498 
395 677 455 923 364 498 727 378 802 671 574 818 287 630 323 591 342 
286 837 808 393 385 878 808 665 646 453 473 924 879 730 350 588 943 
304 710 287 790 847 848 492 453 697 537 842 778 887 942 823 755 781 
247 898 691 814 595 369 299 826 324 937 588 433 556 562 496 298 607 
317 903 487 568 388 942 864 261 752 782 962 606 568 775 612 498 498 
458 851 625 515 709 708 483 328 899 797 648 426 853 287 501 788 532 
828 935 505 723 955 289 536 949 653 862 755 297 391 285 513 273 668 
786 741 407 300 827 337 856 506 522 741 552 782 561 842 641 527 379 
395 514 426 689 494 838 583 281 893 732 324 437 764 751 255 536 916 
313 395 285 928 659 566 700 243 379 293 843 778 579 254 932 851 439 
653 376 308 267 416 960 758 498 428 554 280 442 849 955 513 275 272 
473 693 596 932 694 733 256 569 543 593 581 506 475 779 917 610 846 
943 784 837 732 314 297 318 352 497 925 339 769 958 369 273 682 723 
39 122
123 63 185 199 152 87 82 211 223 69 121 192 62 74 159 187 92 173 206 120 238 195 145 187 192 177 195 120 115 194 162 177 197 102 131 104 129 153 71 
108 161 131 240 163 145 154 105 176 83 66 236 76 200 136 202 148 69 153 207 123 103 124 240 239 166 126 99 235 219 109 98 135 180 93 237 80 187 98 
196 209 104 187 225 244 79 183 147 88 91 110 150 134 173 145 128 95 211 166 85 185 215 123 76 151 155 69 170 98 106 121 63 150 64 227 149 83 165 
236 111 196 101 201 85 214 101 153 64 68 75 89 193 229 151 209 135 62 217 61 99 79 122 102 168 126 84 72 149 189 63 199 140 104 155 165 73 196 
73 77 204 87 105 152 71 195 116 146 196 89 146 235 107 207 92 215 89 116 227 177 244 230 131 139 89 225 243 101 176 72 118 135 98 162 227 109 112 
99 194 64 127 96 239 174 243 86 145 87 141 127 203 141 112 89 220 141 70 219 182 185 230 239 76 83 156 242 131 208 96 81 211 163 116 205 93 115 
231 177 141 128 243 100 208 111 128 183 191 137 158 129 78 143 123 94 165 218 91 236 181 127 73 148 230 129 109 78 183 96 194 80 163 193 119 127 244 
187 66 191 79 163 75 97 61 137 130 166 111 161 158 232 228 170 135 213 238 184 230 177 219 180 196 138 129 70 205 129 196 211 75 215 129 90 68 130 
166 137 236 217 238 149 204 221 75 95 189 69 218 175 185 193 111 136 87 180 146 232 64 97 198 79 68 83 108 75 153 214 152 144 186 145 233 145 121 
64 179 65 72 153 180 196 102 230 88 129 165 173 116 168 210 69 187 217 91 234 231 183 203 138 83 144 223 72 228 99 75 163 104 87 72 223 223 113 
208 66 181 129 179 236 237 144 61 179 117 91 168 104 214 126 181 237 210 159 64 194 198 79 112 241 105 123 219 83 176 183 88 113 67 206 105 244 106 
105 178 162 136 102 205 105 168 142 97 133 241 101 82 195 119 133 191 163 196 165 185 128 104 213 181 110 175 225 110 220 86 227 138 161 84 99 206 191 
181 243 80 177 99 101 127 157 174 74 76 126 179 201 193 222 169 129 88 99 110 137 75 135 119 152 235 143 191 197 90 127 195 109 244 234 149 127 146 
78 140 162 144 74 118 92 235 226 161 78 81 211 154 95 101 213 187 92 111 134 228 141 200 179 189 199 168 93 81 70 111 161 171 194 174 228 226 165 
210 143 182 231 109 92 81 150 61 208 181 112 97 165 192 237 99 136 192 206 169 213 215 220 129 141 170 243 125 151 163 91 234 101 77 99 133 98 188 
133 62 125 184 99 229 132 91 83 208 222 229 132 191 199 107 75 96 217 74 161 124 176 191 113 217 208 151 105 61 95 178 62 159 118 100 144 190 131 
166 153 109 151 224 239 106 87 70 141 243 83 242 122 199 189 175 172 152 82 217 153 116 150 155 215 208 194 114 153 81 220 61 129 126 225 124 171 67 
133 68 66 156 65 127 111 193 241 222 101 79 194 194 134 100 104 104 64 238 158 156 74 133 157 142 198 137 206 125 144 94 132 149 189 137 215 240 86 
212 217 126 230 166 75 120 206 119 164 209 112 77 120 125 149 216 207 103 109 168 168 192 202 239 96 147 131 67 142 157 219 114 223 205 220 238 81 181 
112 184 145 163 200 205 227 105 177 190 148 226 114 71 173 71 66 209 157 136 215 239 233 189 109 211 150 84 204 170 205 71 109 106 173 65 67 156 110 
183 102 197 164 155 208 93 165 213 241 78 105 212 73 93 157 121 243 62 144 202 171 105 213 220 150 141 225 156 237 90 95 94 227 199 188 190 231 109 
159 228 127 203 195 140 236 107 200 234 108 100 192 219 144 160 195 234 241 175 145 233 205 180 83 188 134 211 134 121 76 232 104 143 191 239 222 182 101 
178 172 149 217 119 124 117 219 74 106 215 189 191 204 150 127 226 93 200 193 166 77 208 154 120 106 100 115 83 222 155 201 149 244 173 207 123 230 181 
137 92 152 82 222 111 171 105 93 204 244 225 126 76 189 219 136 234 75 190 73 236 101 213 141 101 142 103 164 127 224 240 158 131 77 136 182 188 180 
215 147 180 195 212 196 139 187 88 129 201 218 142 193 75 111 89 115 192 132 218 75 111 214 173 182 231 65 120 174 185 90 77 120 225 228 72 120 170 
99 189 127 72 86 76 86 136 104 141 84 176 114 98 227 83 211 164 69 215 224 183 155 70 199 215 234 182 226 110 108 81 238 175 93 79 190 118 155 
234 199 179 165 68 216 147 91 183 67 100 153 230 222 64 240 176 219 229 114 200 95 162 221 88 93 69 107 222 127 201 211 81 135 132 89 107 218 119 
229 224 159 138 210 136 142 205 68 116 190 122 72 224 223 232 68 71 241 114 233 123 71 200 144 145 87 172 192 61 231 177 225 145 71 191 221 152 152 
228 208 97 105 220 77 84 207 84 94 203 138 83 82 148 222 165 233 65 92 180 65 79 113 230 163 124 176 139 215 83 123 179 120 167 154 137 190 117 
161 224 76 238 63 97 142 224 202 130 229 234 66 234 68 118 219 171 181 150 66 152 173 128 87 232 235 180 125 181 236 225 161 68 219 163 104 116 143 
62 185 127 235 190 117 243 64 91 169 185 181 174 93 109 242 119 97 232 239 161 168 231 142 85 238 116 187 98 171 86 99 112 153 90 242 209 88 61 
239 196 186 176 126 218 225 123 92 77 111 87 178 218 73 76 243 66 132 185 103 243 210 142 110 119 171 107 83 198 108 78 150 234 193 215 207 173 93 
239 190 143 81 124 117 93 140 116 99 211 240 141 209 206 223 75 80 149 122 103 102 170 120 191 159 69 162 121 182 195 116 128 94 136 192 150 169 87 
205 207 238 201 103 203 163 81 217 183 170 95 225 212 204 101 159 118 109 76 179 231 210 234 114 243 125 61 149 233 88 110 195 81 67 238 223 169 75 
196 108 184 230 89 152 189 130 66 63 179 81 181 165 231 170 219 229 235 219 134 224 63 183 175 84 189 169 62 114 183 198 162 123 184 190 214 129 75 
220 131 193 241 68 114 227 177 88 212 168 63 101 147 65 224 78 88 169 186 90 223 125 228 140 187 167 86 157 235 101 132 122 234 129 129 103 111 62 
130 78 169 132 119 72 137 98 90 164 207 215 194 185 95 177 80 222 99 106 135 90 146 207 151 135 91 219 178 141 220 63 159 145 135 218 157 211 72 
186 131 218 156 80 158 191 197 178 168 235 223 242 80 125 204 170 199 235 145 132 131 120 135 230 205 210 203 117 176 214 243 63 187 155 83 101 101 219 
218 209 209 197 207 229 77 167 155 216 157 239 104 228 115 178 213 76 144 171 132 76 141 130 78 84 224 100 124 81 75 98 229 224 234 192 208 67 114 
20 440
756 411 594 695 608 717 582 662 355 319 259 409 609 510 472 692 438 615 259 511 
666 393 457 591 356 267 461 377 458 671 296 334 862 370 810 589 868 511 371 343 
611 410 533 339 701 785 812 258 520 852 550 306 364 787 677 500 834 258 658 412 
709 735 526 691 225 455 500 874 747 551 336 477 742 650 596 562 554 527 601 855 
499 270 280 643 838 738 263 792 777 702 323 605 557 630 416 562 865 596 556 731 
267 672 328 790 441 705 472 776 352 853 751 631 243 812 393 862 670 437 774 566 
259 877 291 596 627 487 277 611 864 614 462 251 405 571 821 627 395 413 523 527 
386 394 277 409 325 450 391 775 668 284 461 707 281 532 423 688 800 481 419 783 
875 662 815 399 352 755 807 527 288 450 834 454 624 230 644 730 461 815 625 249 
880 866 737 280 518 279 749 637 540 288 340 534 730 274 714 862 810 640 509 878 
871 462 451 615 473 875 465 715 810 870 744 809 856 600 870 493 659 738 710 318 
806 831 632 656 224 465 637 814 225 266 812 877 508 382 611 762 377 856 596 306 
846 459 235 821 839 224 433 618 742 263 716 668 875 468 443 879 714 861 813 719 
246 744 715 535 246 446 416 403 621 793 490 386 371 505 327 330 509 541 729 371 
585 564 820 579 813 382 577 646 362 509 485 789 373 319 704 399 546 240 582 747 
813 853 253 304 477 360 414 767 681 263 258 535 608 858 744 540 359 441 305 502 
731 570 671 223 670 495 402 335 515 765 863 448 737 235 532 334 376 727 221 838 
770 259 343 497 236 868 817 376 428 242 658 279 593 449 282 383 725 465 499 359 
349 481 587 867 497 239 321 654 746 322 611 635 362 735 652 379 722 850 535 270 
872 313 329 585 543 392 749 387 637 367 527 766 629 233 753 446 953 854 680 779 