15 31 164 469 515 558 595 660 813
37 125 216 228 249 262 293 510 534 568 603 617 655 685 794 909 936 960 977
97 369 440 510 522
60 193 271 280 299 319 323 345 580 793 960
9 12 375 398 475 554 624 626 852 914 927
896 944 960
0 91 199 394 482 509 786 851 941
99 111 166 167 227 254 353 391 481 508 588 614 767 983
38 62 91 301 355 404 498 622 693 720 908 941
190 214 256 280 354 375 502 546 559 578 605 629 679 794 839 848 891 991
5 9 54 282 433 437 500 563 856
424 514 641 736 840 883 908
465 478 914
34 266 306 407 412 445 523 559 616 642 676 787 898 912 963 972
6 93 151 166 552 707 901
98 276 463 683 755 776 798 810 812 814 907 944
509 659 905
17 57 65 97 126 256 484 652 695 738 823 847
280 282 677
9 12 199 268 601 721 748 758 869 899 981
112 116 164 275 290 316 365 498 502 534 588 636 694 832 904 968 976 976
272 310 365 390 609 700
39 45 57 300 337 337 598 615 661 719 753 818 926
286 313 350 384 567 701 735 778 897 957 981
94 109 322 328 409 480 517 537 590 598 627 866 885 904
45 167 189 199 296 321 333 363 517 585 586 695 726 764 768 849 873 919
6 312 631 730 777
22 123 207 303 309 312 360 362 388 465 508 518 555 622 769 771 784 911 957 997
14 74 111 134 302 334 445 551 607 672 684 799 866 886 956
123 128 224 333 349 353 428 442 448 453 597 724 748 792 868 903 913 999 1000
93 104 128 160 189 255 283 510 697 716 790
187 203 326 836 882 978
96 157 184 240 244 257 315 344 346 519 551 562 581 827 861 922 931 979
28 82 96 157 161 188 254 347 400 618 662 793
44 112 175 216 217 220 266 440 691 804 812 955
317 594 644 681 969 976
113 133 150 420 461 515 621 639 742 772 781 784 817 887 941
129 268 463 831 861
51 263 304 404 424 433 436 520 586 620 647 721 740 751 794 814 853 856 947
23 151 428 486 724 740 748 782 785 845 925 953
13 19 20 20 26 44 69 212 263 266 327 333 445 460 477 485 505 512 513 535 541 545 559 565 583 616 623 669 723 739 739 754 766 781 799 839 847 883 886 898 912 941 958 964
94 197 232 256 281 361 385 389 401 472 475 500 508 557 717 753 795 825 831 868 881 899 936
8 11 39 69 75 96 105 129 163 166 173 187 206 225 274 333 399 415 528 536 580 615 621 669 716 718 773 780 781 785 793 799 831 842 854 854 869 897 903 920 927 935 944 949 955 986
8 31 102 279 331 355 374 469 485 515 516 606 672 677 699 700 742 746 766 784 800 806 839 874 875 892 898 900 919 923
8 9 34 53 55 140 187 197 269 274 310 315 315 316 330 347 353 395 407 412 418 420 427 499 547 552 604 607 717 720 739 749 781 786 821 863 895 896 905 905 929 931 976 992
17 22 25 37 52 55 123 162 167 211 235 257 266 323 349 396 405 410 445 468 489 489 537 541 553 583 593 600 657 684 690 700 786 786 803 864 914 959 965
34 51 56 91 117 157 168 216 219 222 224 240 267 293 297 306 328 448 494 504 512 520 556 577 600 602 639 667 697 707 710 754 757 759 769 773 820 839 877 877 888 968 990 991
19 106 186 286 322 360 520 568 574 593 598 691 696 729 733 853 868 895 914 965 999
29 204 271 286 343 347 358 418 574 585 623 627 646 671 684 721 722 739 755 767 793 802 814 841 994
37 84 102 104 291 313 351 364 387 394 416 454 466 491 516 528 562 602 621 652 735 747 753 770 955 976 976
3 20 31 57 75 91 121 131 158 191 232 243 252 258 270 292 343 403 411 418 438 443 454 467 484 534 569 579 624 625 644 655 678 705 724 758 784 824 830 835 860 866 886 887 907 934
32 36 46 69 117 162 167 198 222 230 246 321 337 367 394 399 411 418 512 521 532 540 541 605 616 633 634 645 659 676 711 734 741 746 761 762 783 784 800 801 813 837 853 863 945 999
0 5 13 20 47 57 59 72 148 162 190 201 223 226 234 256 303 308 426 458 550 556 608 640 653 677 688 692 720 729 748 812 830 846 867 912 995
43 88 99 173 224 265 386 389 439 567 577 618 641 687 739 741 743 755 757 764 770 791 816 819 830 843 845 848 889 921 923 987 990 996
8 43 59 69 70 96 99 118 140 168 193 222 225 366 395 402 454 478 511 518 541 553 572 574 576 584 586 586 596 601 638 642 665 722 768 770 773 824 833 881 963 969
107 177 201 227 238 253 306 325 328 405 478 485 562 628 656 705 706 752 756 759 785 810 822 853 910
29 32 42 46 83 156 168 196 197 208 246 260 278 320 371 430 468 522 526 589 687 700 735 744 753 757 795 865 922
2 18 30 66 66 72 170 190 237 358 376 386 419 487 522 597 602 683 691 731 791 888 908 914 935
23 117 120 134 141 158 192 233 242 269 382 402 403 416 421 426 442 469 477 480 484 492 531 533 543 547 549 571 597 600 642 643 651 664 678 680 690 707 738 762 782 787 794 809 821 878 948 988
81 82 116 170 216 238 376 453 503 516 546 560 638 656 665 670 721 747 749 764 772 778 832 845 970 994
4 25 25 44 45 54 66 74 79 82 85 87 88 95 99 100 105 109 113 118 121 124 128 128 149 152 156 158 158 171 178 186 189 192 195 202 204 209 214 219 220 227 230 235 239 241 242 254 266 274 276 284 286 291 296 297 304 307 307 331 332 370 371 374 381 389 405 409 411 413 416 423 432 434 435 440 440 443 448 451 458 458 460 476 482 497 497 503 506 506 512 514 515 518 519 522 528 529 532 539 544 551 552 552 554 562 574 574 576 578 584 585 587 587 600 604 605 606 607 612 617 629 629 642 646 656 657 658 658 673 675 683 703 714 714 721 725 729 737 739 743 747 749 749 753 755 761 766 773 774 787 791 797 798 798 800 802 806 808 810 818 824 826 839 841 844 848 856 860 863 863 863 867 867 876 878 879 885 893 894 900 901 905 914 922 923 925 932 935 947 950 958 963 969 970 972 996
0 0 1 6 12 13 13 16 24 29 36 39 47 61 65 65 69 74 82 85 90 101 113 121 127 128 128 136 140 146 151 159 160 166 167 168 175 175 180 182 183 184 184 186 193 199 200 207 209 216 216 219 221 227 233 235 236 239 245 245 248 248 250 250 253 258 259 260 262 272 276 279 281 293 295 297 298 300 302 305 312 313 315 318 330 331 333 337 338 343 344 345 347 356 363 368 375 380 383 383 393 399 405 406 407 409 410 412 416 416 416 419 432 432 433 440 449 451 454 457 466 466 467 471 477 480 484 484 485 495 497 502 519 521 521 522 525 534 540 543 547 548 553 554 556 560 561 561 571 571 574 579 582 590 593 593 597 600 605 607 608 608 609 609 611 615 616 617 617 623 630 631 636 641 650 655 659 660 664 666 669 674 677 678 679 679 682 688 693 701 703 715 715 718 729 735 741 767 772 773 778 786 788 791 792 795 807 809 829 835 837 843 847 853 860 867 870 881 882 882 893 900 903 904 910 919 920 929 932 933 937 937 938 938 938 940 944 944 955 958 962 966 969 975 975 975 978 980 981 981 984 984 988 991
0 1 2 10 15 19 22 22 22 27 39 43 48 50 53 54 62 64 66 68 75 76 83 91 96 103 105 117 120 120 121 124 125 131 136 141 143 151 153 156 162 167 169 177 180 184 204 205 211 213 215 219 222 223 228 236 236 238 242 246 249 250 263 268 271 275 275 276 277 278 281 283 285 287 289 296 297 313 314 315 317 326 327 331 332 337 341 342 344 357 358 364 366 369 371 374 374 377 380 382 390 390 390 393 398 398 399 402 406 410 412 420 421 428 435 439 450 452 452 455 460 466 471 477 484 484 488 488 488 497 501 501 503 505 512 515 516 516 527 528 531 539 542 543 543 551 552 555 560 563 565 566 570 571 571 572 576 579 583 584 592 595 597 599 603 609 613 614 616 620 625 625 628 632 633 634 641 642 645 646 647 652 660 660 673 676 679 680 682 694 695 699 710 725 726 728 728 729 734 737 740 741 743 761 763 780 787 789 790 795 803 807 810 814 817 828 834 834 835 840 841 842 847 861 868 872 879 881 883 883 884 892 893 896 912 918 923 923 926 928 934 935 945 948 967 970 971 974 974 975 987 994 995 999
13 15 18 19 28 39 39 42 47 48 60 61 64 65 72 75 76 79 84 85 90 93 96 106 113 123 128 128 134 135 136 139 152 155 157 163 167 167 169 175 175 183 193 196 207 214 214 231 243 248 249 256 258 261 261 270 273 275 275 276 279 289 290 291 295 299 301 302 305 309 311 313 314 331 338 345 350 351 356 363 372 374 384 400 415 422 428 429 431 434 437 447 467 479 480 488 492 493 502 505 506 508 513 513 516 518 521 521 527 531 541 544 547 549 550 555 558 562 562 563 564 580 583 587 599 600 600 603 609 616 629 630 632 632 633 643 649 668 670 674 682 687 689 695 727 741 747 747 754 760 762 775 781 784 790 792 793 794 800 815 816 822 833 835 846 851 860 878 882 885 893 893 894 898 899 903 910 911 912 912 924 926 939 939 945 948 952 956 962 974 974 981 984 987 991 992
4 5 5 11 12 16 20 20 23 25 31 36 37 42 42 49 51 51 59 61 64 69 70 71 73 74 77 80 80 84 87 91 95 97 99 100 100 100 102 103 103 103 106 106 110 115 117 122 124 128 128 129 130 130 130 131 133 138 142 144 151 154 156 158 159 167 167 168 171 171 173 178 180 180 181 182 190 190 193 203 205 207 212 219 220 223 223 227 227 227 227 228 228 232 233 234 236 236 240 240 245 247 250 254 255 263 267 268 268 270 271 279 289 298 299 310 310 313 316 319 319 319 320 320 323 323 326 328 329 331 331 334 345 345 348 349 349 350 351 361 361 361 363 366 367 368 369 373 375 379 380 382 385 387 388 390 394 395 396 398 400 403 404 404 404 404 411 412 413 416 417 425 426 428 429 438 441 442 446 446 447 449 450 454 465 470 471 472 476 479 482 484 485 490 490 497 497 497 498 498 502 504 511 515 516 518 523 530 533 533 534 538 538 543 549 550 552 552 552 553 563 568 573 575 576 587 588 595 596 601 601 605 605 608 616 621 621 622 625 625 628 635 637 642 648 648 651 652 658 660 663 666 667 668 669 671 671 671 679 681 685 691 695 697 699 699 700 702 704 705 707 707 707 709 712 716 717 718 718 725 732 733 744 745 747 750 755 755 758 759 765 765 765 765 776 776 781 781 787 795 796 797 800 802 802 807 807 808 809 813 817 817 818 821 823 827 835 836 839 840 850 856 860 863 876 879 880 881 897 901 902 903 909 912 913 914 928 931 934 935 935 936 942 942 943 959 962 964 974 974 988 992 993
0 2 10 12 13 14 19 28 28 32 33 35 35 36 37 38 38 39 39 40 42 43 49 54 55 55 57 64 66 73 73 75 77 84 88 93 97 97 100 101 105 108 111 113 113 115 116 118 129 130 132 133 136 141 147 159 159 161 163 173 174 176 177 183 183 185 189 190 190 191 192 193 203 206 209 213 215 217 219 223 225 229 232 232 234 236 239 243 245 247 257 259 275 276 277 282 283 284 289 290 291 292 294 294 295 299 307 309 310 311 312 315 322 324 324 325 327 332 334 337 340 342 344 345 351 357 358 358 360 361 364 366 369 370 372 378 379 382 385 387 393 395 400 400 405 408 413 413 415 415 424 424 425 428 434 444 446 447 449 449 452 453 453 456 456 457 458 459 461 463 469 471 471 476 477 479 480 489 490 502 503 508 509 512 512 515 518 521 522 522 524 527 527 532 533 538 546 546 546 549 549 554 554 555 567 575 575 577 577 587 589 590 594 599 602 603 613 617 618 621 625 626 635 635 639 639 644 647 648 651 652 653 655 660 662 664 665 666 667 668 670 672 674 681 682 683 690 691 693 693 700 700 701 704 709 710 711 716 722 722 726 731 739 740 746 748 750 750 754 755 756 763 763 763 765 768 768 773 775 775 777 780 782 783 783 784 786 789 791 792 792 792 793 793 796 796 798 799 801 805 814 816 818 821 823 826 828 836 840 841 845 847 848 851 852 855 857 859 863 866 869 871 874 876 877 880 882 884 885 894 894 899 907 907 910 910 910 911 912 913 916 919 923 926 927 929 930 932 933 937 937 938 939 944 945 949 949 951 952 952 955 956 957 960 962 962 963 970 973 975 976 977 977 978 979 979 980 981 982 992 994 995 996 998 1000
0 0 6 9 10 16 22 23 24 24 26 29 29 31 34 37 41 41 46 47 52 54 62 65 68 70 72 84 87 89 92 97 100 104 105 106 106 109 111 113 114 114 115 116 118 119 121 123 126 128 132 133 135 136 138 139 140 141 143 149 150 151 153 153 154 155 155 156 157 157 157 159 162 163 169 169 169 169 171 173 174 179 179 180 180 182 183 184 187 191 195 197 198 205 206 207 212 212 212 212 215 216 218 222 223 228 229 231 233 237 237 238 239 240 240 240 243 243 243 244 245 246 247 247 247 248 250 251 257 258 259 262 267 268 271 272 273 274 279 280 284 286 287 290 292 294 296 296 297 298 300 302 302 308 312 314 316 323 330 330 331 332 332 332 333 335 336 337 339 339 343 343 349 349 350 350 350 355 359 359 360 360 364 364 365 369 386 387 388 389 403 404 405 410 423 426 430 432 433 436 438 438 438 442 444 445 446 446 446 452 453 454 459 460 461 463 463 464 467 467 472 473 474 479 479 479 481 485 486 498 500 502 502 503 506 507 509 510 513 514 518 518 518 520 521 521 523 525 525 526 527 530 534 535 537 538 538 539 543 543 545 550 551 551 553 555 555 556 559 564 569 570 574 577 578 581 586 591 593 597 598 598 600 613 614 615 619 619 620 621 624 628 628 631 631 633 633 639 641 642 644 646 651 653 656 657 659 661 668 678 679 682 686 688 689 690 690 694 696 698 698 699 699 708 710 710 712 712 715 716 717 717 720 722 723 732 734 735 738 744 747 748 748 749 752 754 758 758 758 759 774 785 788 792 792 793 794 795 795 797 801 802 804 806 807 807 807 807 811 812 814 815 816 817 827 829 830 836 836 838 839 840 850 851 856 858 859 860 863 865 866 868 870 870 870 870 874 876 876 878 879 882 884 886 888 889 892 893 895 897 899 899 901 901 903 903 906 906 910 912 913 920 925 927 928 938 938 939 939 943 946 946 946 952 962 963 968 969 974 975 981 982 986 987 996 996
4 4 42 51 54 58 68 69 86 94 99 105 115 115 135 150 164 168 170 175 181 213 220 224 230 253 274 283 291 304 328 330 339 339 344 350 353 355 370 372 374 385 387 393 393 395 399 420 422 441 453 459 473 482 494 518 522 523 523 525 527 530 534 541 546 555 558 559 564 570 585 596 596 598 610 610 620 647 699 699 706 706 708 709 715 719 723 725 753 760 775 801 817 829 831 836 847 907 908 912 919 939 943 949 950 950 959 964 972 982 990 991 998
13 15 20 21 31 36 44 52 54 55 64 67 68 74 85 95 116 125 126 135 137 144 158 165 168 179 187 196 201 201 204 210 211 215 231 244 245 254 255 258 259 260 277 285 289 295 299 299 300 300 310 311 315 316 319 322 323 323 327 329 337 338 342 346 369 374 375 376 400 406 412 417 417 431 431 445 459 464 480 487 497 499 521 530 533 536 558 562 571 578 587 589 589 592 594 597 600 600 604 604 611 633 645 646 655 656 656 657 658 674 691 693 699 722 728 731 732 745 754 754 760 780 783 784 789 790 790 797 799 802 809 815 823 826 837 841 849 852 860 862 863 864 868 872 872 881 881 884 884 888 891 895 901 907 917 919 932 938 948 948 949 951 955 957 960 960 968 984 987 989 991 993 997
2 5 8 9 10 13 16 18 20 21 25 32 32 37 38 45 50 53 53 62 70 70 70 71 73 75 80 96 97 100 101 107 107 108 118 120 122 125 131 139 140 143 143 144 147 149 153 155 156 159 159 161 162 162 167 170 172 175 183 188 196 196 196 197 199 200 203 204 205 207 213 217 225 228 229 229 232 234 238 244 247 248 249 255 256 263 270 270 272 272 274 276 277 283 283 283 288 289 289 295 296 303 306 308 310 322 323 325 326 331 332 334 335 339 344 346 348 349 352 357 357 365 368 369 384 388 395 398 402 403 405 406 406 407 414 415 416 421 422 423 424 433 434 440 440 440 442 445 445 450 455 456 457 457 458 462 469 469 473 476 476 478 481 484 488 489 496 501 503 507 507 507 510 512 512 519 519 520 521 522 522 523 523 524 532 534 537 537 540 542 552 562 564 565 566 567 570 572 577 579 584 593 596 604 609 610 615 617 622 623 624 629 631 634 641 644 646 646 648 653 653 656 658 665 667 669 670 675 676 677 681 682 682 687 688 691 695 700 709 711 716 718 720 721 721 725 729 731 736 736 752 759 761 765 765 767 770 772 774 781 785 786 787 789 791 791 793 804 804 806 815 815 819 826 829 831 831 833 839 845 846 849 853 856 862 862 865 866 869 871 874 877 878 878 879 890 902 905 906 907 913 915 915 920 921 921 921 922 929 931 937 944 952 953 955 961 968 973 973 978 989 993 994 995 995 997 999
0 9 10 13 20 21 36 47 62 68 77 91 91 105 109 113 122 123 132 136 140 155 159 159 171 180 199 199 202 203 211 217 226 254 255 257 262 282 282 283 283 289 289 291 299 299 310 321 327 328 332 333 341 344 351 351 357 358 360 365 377 386 387 396 409 417 424 425 431 433 438 439 443 447 449 451 456 468 469 470 476 488 510 516 525 531 536 544 550 551 552 558 560 562 568 571 582 584 586 596 600 608 611 618 624 630 631 633 642 643 643 653 654 673 676 678 683 683 706 716 728 739 740 741 745 753 755 763 767 777 778 785 790 800 802 804 809 815 822 838 842 846 851 855 858 861 864 865 867 889 892 897 898 904 909 927 927 928 933 933 933 934 941 942 951 951 955 959 969 979 982 989 993 994 1000
15 23 44 52 56 68 73 78 92 101 116 121 121 129 140 145 167 169 172 180 180 182 192 198 201 203 208 209 224 240 253 261 263 265 281 285 285 291 313 316 324 326 326 335 335 336 338 345 350 365 369 382 383 387 390 403 404 424 435 439 443 459 465 466 470 482 496 497 498 499 502 517 532 533 536 544 545 546 558 564 588 610 640 654 657 666 703 711 724 737 755 759 760 765 768 787 787 805 808 810 822 831 843 866 875 883 883 894 902 904 916 928 928 929 938 940 956 957 969 985 991 995 997 1000
2 6 6 34 36 37 48 52 62 82 90 92 93 103 104 111 112 115 119 124 127 130 140 141 144 147 152 172 174 191 207 213 214 214 214 224 227 238 239 241 257 257 259 275 286 299 304 309 313 324 329 344 346 352 357 359 363 366 372 374 374 377 381 382 383 396 408 418 433 438 461 469 469 471 472 472 476 477 483 495 498 508 509 520 524 528 534 539 542 546 547 548 575 576 588 590 595 602 613 622 627 628 637 650 653 656 661 661 663 665 671 677 721 729 730 732 732 734 736 738 738 739 742 744 760 762 763 771 771 772 776 776 778 780 784 784 785 790 799 819 820 824 838 839 841 844 846 848 848 860 866 868 880 884 896 897 903 911 913 933 942 948 951 953 957 960 960 964 965 968 993 993
5 8 9 13 15 16 25 29 51 52 53 55 57 62 63 71 73 75 90 92 95 98 100 108 108 109 116 118 135 136 136 148 150 159 159 167 187 194 199 220 227 227 228 239 253 262 271 280 282 288 291 302 306 314 318 322 326 327 330 333 333 334 341 341 354 376 377 388 391 403 418 419 421 425 427 428 431 433 435 450 451 456 457 465 475 486 488 489 491 495 495 499 505 508 512 519 522 531 534 535 541 545 553 553 554 555 563 563 577 580 582 587 591 599 609 622 622 624 630 632 642 645 647 686 687 688 692 693 694 698 710 710 714 735 739 746 747 747 748 749 771 780 783 789 797 797 800 800 802 809 816 819 832 833 834 840 841 845 851 860 860 866 872 872 873 880 880 885 889 890 891 891 894 897 898 901 909 911 924 928 933 941 943 945 946 952 958 959 962 963 981 999
7 8 13 20 26 32 53 53 55 59 64 65 71 89 93 110 122 124 128 128 131 133 136 148 148 154 158 173 188 195 204 209 210 213 221 225 229 231 232 233 246 250 251 263 271 273 280 283 287 287 293 296 297 298 298 302 307 309 316 329 330 333 336 345 350 355 358 377 378 382 385 388 395 396 398 400 404 405 415 419 420 424 425 426 428 435 435 455 468 468 469 470 473 477 479 482 487 489 514 532 536 544 546 546 550 552 576 587 606 607 618 624 633 633 638 639 642 647 649 649 653 658 658 677 681 694 703 712 717 720 727 731 738 743 753 777 778 780 784 785 797 806 813 820 829 835 841 849 849 856 857 864 880 883 892 897 901 910 912 917 921 921 928 932 933 937 944 945 952 954 960 972 978 983 986 992 998
5 6 6 7 8 9 18 26 33 36 38 44 46 51 51 52 55 55 56 56 62 65 66 69 70 70 71 88 98 108 111 111 113 113 120 121 125 125 141 143 164 171 171 171 176 177 181 183 187 187 187 191 201 221 226 227 235 236 239 241 245 251 251 252 255 255 256 259 260 261 267 268 272 278 283 283 287 289 293 296 301 302 307 318 319 327 332 332 337 345 346 349 355 355 357 357 376 378 378 385 386 387 396 396 405 408 413 414 416 421 423 435 438 439 440 445 463 464 477 482 484 488 488 495 507 512 521 523 526 531 532 532 533 541 543 543 545 549 550 556 556 558 563 565 570 574 579 580 581 588 594 604 606 607 610 617 618 624 631 633 634 635 639 646 647 653 655 666 669 676 677 687 693 702 704 711 715 717 719 721 723 724 724 725 727 734 740 740 750 751 751 752 752 755 758 759 760 764 771 775 780 791 793 794 798 802 804 807 808 809 824 824 825 828 831 834 836 841 845 856 858 858 860 862 862 865 867 872 878 883 884 896 902 909 912 915 919 932 932 938 938 941 944 944 950 956 957 959 971 980 980 994
1 13 14 16 17 18 19 20 22 22 25 29 29 33 35 38 41 47 49 49 50 50 51 55 55 59 61 61 62 63 66 66 71 73 73 74 74 76 76 77 79 79 82 84 85 90 90 94 95 97 98 100 101 105 108 110 116 116 117 117 117 118 118 119 119 123 124 125 131 132 132 134 138 140 153 157 160 166 168 168 170 171 172 172 177 180 181 183 184 184 191 195 196 197 202 209 211 211 212 215 216 216 218 218 224 229 230 231 234 242 244 246 246 248 249 251 257 258 259 260 263 265 265 269 270 272 272 273 273 274 275 275 277 277 279 280 284 284 286 287 289 290 292 294 297 298 303 304 305 306 309 309 311 315 325 330 331 331 331 334 335 338 339 340 340 341 342 343 347 350 355 360 364 365 365 367 369 371 373 374 374 376 380 384 385 387 391 397 397 401 405 406 406 408 410 411 414 414 416 416 417 418 426 428 431 433 434 437 438 439 439 446 447 450 452 452 455 460 470 472 473 474 483 491 493 501 507 507 507 507 508 511 522 524 525 526 527 528 530 531 533 534 534 534 539 539 540 541 545 546 546 551 551 555 556 564 570 572 578 579 581 581 582 582 583 583 589 591 594 599 603 607 612 614 619 619 620 626 630 630 631 635 635 636 637 637 637 638 641 642 643 646 647 649 652 653 661 664 665 666 666 667 670 671 674 675 675 676 681 683 689 692 696 696 697 699 700 705 707 710 720 722 727 728 733 744 746 748 756 757 758 763 768 770 774 776 780 781 782 782 782 784 787 788 792 792 794 795 797 797 797 799 801 804 810 812 817 821 825 833 836 838 850 850 855 861 867 867 867 870 871 878 879 883 884 889 889 889 892 893 897 899 900 900 901 905 907 908 909 910 911 913 913 913 915 916 918 918 922 922 924 925 925 929 931 935 936 938 940 943 945 951 952 955 955 956 957 957 960 960 963 964 965 966 968 968 971 974 975 977 977 978 983 984 991 994 994 996 997 998
1 2 3 16 17 22 32 40 51 57 61 62 67 69 73 74 75 76 76 81 81 85 91 97 100 104 112 116 120 128 132 134 135 137 139 142 143 143 149 151 151 153 155 155 157 163 171 172 175 178 180 189 190 194 200 201 201 209 211 213 223 230 230 231 235 238 241 243 248 249 250 257 260 262 262 264 274 274 278 284 290 294 295 307 315 318 334 334 338 345 350 351 356 356 357 368 371 373 385 385 386 387 388 397 402 405 408 410 413 421 423 423 425 427 430 430 433 438 439 442 443 444 445 450 450 451 454 454 459 460 461 466 473 473 474 477 482 487 488 499 500 501 502 504 515 516 519 525 532 537 538 543 545 552 556 558 562 570 576 578 580 583 590 590 599 601 604 606 607 608 608 609 610 615 618 619 622 626 627 630 636 639 646 646 647 647 647 649 655 656 656 657 657 658 661 661 664 666 666 667 674 676 680 685 691 696 696 697 709 709 711 714 718 718 719 730 732 736 743 744 753 757 762 766 766 768 770 773 775 782 787 789 792 797 798 803 804 804 815 821 822 825 829 832 833 833 838 841 842 848 858 863 869 875 876 882 885 892 893 899 905 910 918 922 929 932 935 936 937 942 955 955 955 959 960 960 965 966 966 971 972 973 980 981 985 987 989 991 991 998
5 6 9 10 11 14 17 17 21 21 23 24 28 30 32 35 39 40 44 45 46 46 48 49 51 53 55 56 62 63 69 70 70 74 84 86 88 88 94 94 97 101 103 107 108 114 115 116 119 121 123 126 134 136 139 142 150 155 158 161 170 172 173 175 179 181 182 183 184 185 193 196 198 199 200 200 200 201 203 209 211 213 215 217 224 233 233 233 237 240 243 246 251 253 257 274 274 276 278 283 285 287 292 296 299 308 309 314 317 320 321 323 323 324 325 327 328 330 333 334 337 337 341 342 343 346 353 354 354 357 358 359 366 367 368 372 373 376 376 380 382 389 389 400 408 409 410 413 415 419 420 420 426 427 432 437 437 439 441 442 443 447 448 449 450 453 463 468 472 475 476 477 478 480 484 488 489 496 498 498 501 507 510 510 511 513 513 526 526 527 538 540 542 543 547 548 553 560 561 563 566 567 570 571 580 582 583 591 592 592 594 596 605 613 614 616 616 619 621 626 626 628 629 629 634 637 637 643 645 649 655 657 661 662 663 666 667 671 677 685 685 687 700 703 705 706 708 709 709 713 713 715 722 724 724 729 733 734 738 739 740 747 748 750 751 756 757 757 758 758 760 760 763 763 764 765 770 771 773 776 782 783 784 785 788 795 797 803 803 810 811 815 816 816 817 821 821 824 825 828 833 833 835 838 838 839 842 843 849 851 853 853 854 856 857 858 858 859 860 861 862 865 865 876 877 879 880 882 884 884 887 888 890 893 896 905 908 911 915 918 922 923 924 925 932 933 934 936 938 943 951 954 955 959 983 983 984 989 992 994 995 995 996
1 10 10 23 23 26 36 42 46 46 46 49 57 58 61 62 67 67 71 71 72 73 79 93 100 103 109 109 111 117 122 124 129 133 133 134 137 145 147 149 156 159 163 167 168 173 182 183 184 194 195 199 200 203 207 209 211 212 216 227 230 234 235 245 251 252 254 256 256 257 258 267 272 274 274 277 278 285 288 291 305 306 307 312 314 316 321 324 324 327 333 335 336 337 348 365 369 372 376 384 393 400 400 422 440 447 448 452 454 465 466 475 479 480 480 487 491 493 507 509 509 514 526 527 527 531 536 538 542 553 554 554 557 563 579 581 583 587 588 589 589 595 596 598 599 603 611 613 617 620 624 625 629 634 637 640 643 643 643 646 657 657 659 666 666 666 669 670 672 674 678 679 686 687 690 692 694 703 705 709 714 725 730 731 734 736 738 738 742 744 750 750 754 756 756 757 762 762 763 765 771 773 775 777 784 787 794 798 799 801 808 808 809 811 817 823 829 831 834 838 840 842 842 843 844 844 847 851 856 865 869 870 872 881 881 887 899 910 916 923 923 925 929 930 933 934 939 940 943 943 947 958 967 968 968 971 972 973 984 984 985 985 986 988 992 997 999
0 1 2 5 6 8 10 11 11 12 14 14 20 21 23 24 27 27 28 28 30 31 31 32 32 37 37 37 39 40 40 40 40 41 44 45 45 45 46 46 47 49 50 52 53 53 55 55 57 59 59 62 63 64 64 65 66 66 67 67 68 70 70 73 76 76 78 78 79 79 82 84 84 85 86 87 88 90 90 93 93 94 96 98 99 101 102 102 103 104 105 106 107 108 111 111 111 113 114 119 120 121 123 124 130 131 131 131 133 135 135 138 138 138 141 142 143 143 144 146 146 147 151 151 152 152 152 154 155 158 160 167 168 168 169 170 170 170 174 174 175 176 176 177 177 184 187 187 191 192 194 194 197 198 200 201 203 204 204 205 206 210 210 212 212 213 214 214 214 214 215 217 217 219 221 223 223 224 226 226 226 226 227 229 229 229 229 230 231 232 232 235 236 236 237 237 238 241 241 242 242 244 245 246 246 248 248 249 249 250 253 253 255 258 258 259 260 260 261 263 264 265 265 266 266 266 268 269 273 274 274 276 276 279 279 280 281 282 283 284 284 285 285 289 289 290 291 291 293 294 294 294 295 295 296 297 298 298 299 301 301 301 302 303 303 306 308 310 311 311 312 312 319 321 321 321 325 325 326 331 332 332 333 334 334 338 338 340 341 341 342 343 346 347 347 347 347 348 348 349 349 349 350 351 352 352 352 354 355 356 356 356 358 358 358 358 359 360 360 364 364 365 366 368 368 371 371 372 372 374 375 376 378 378 378 380 380 382 383 383 385 385 385 385 387 390 390 390 392 393 394 396 396 397 398 399 399 399 399 402 402 403 403 405 409 409 410 411 413 414 415 416 416 417 420 422 423 423 424 424 425 426 427 427 427 428 428 430 430 430 432 432 433 433 434 437 438 438 439 440 440 442 443 444 444 446 446 450 452 453 453 454 457 457 457 459 462 463 463 465 466 466 466 466 466 466 466 469 470 470 472 480 488 488 489 489 490 491 491 491 494 497 497 500 502 508 509 509 512 513 513 513 518 519 521 522 523 525 526 528 535 537 538 538 539 539 541 542 544 545 546 546 548 548 548 548 550 550 550 553 553 558 561 563 563 563 563 567 568 569 570 571 571 572 574 575 578 578 580 580 582 584 584 587 590 592 594 594 594 595 597 597 598 598 598 600 601 601 601 601 602 605 609 610 611 612 612 621 622 623 623 624 624 625 625 626 627 628 628 628 629 629 631 631 635 635 635 636 636 638 639 641 644 644 645 646 647 648 648 648 649 649 650 653 653 655 656 656 659 663 663 668 669 673 674 675 677 677 681 681 681 684 684 686 686 687 689 690 690 690 691 692 693 694 695 695 696 697 698 699 700 700 701 702 705 706 707 709 712 713 713 714 716 717 717 718 719 719 719 719 720 720 724 726 726 726 727 728 731 737 738 738 739 742 743 746 747 747 750 752 752 754 754 755 757 758 760 761 762 762 764 764 767 769 771 772 773 773 774 774 774 774 779 779 781 783 786 787 788 791 791 792 792 793 793 797 799 799 800 800 802 802 803 803 806 806 808 809 809 810 810 810 812 812 819 820 821 821 823 824 824 828 828 828 829 830 831 832 832 834 834 837 837 841 842 842 843 845 845 845 851 852 854 854 857 860 860 860 860 860 861 861 861 862 865 870 872 872 874 878 879 879 879 879 880 880 880 882 882 883 883 887 889 889 892 893 893 893 895 897 898 900 902 906 906 906 911 912 913 913 914 914 915 916 918 920 920 920 923 925 925 928 929 932 933 935 935 936 938 939 939 939 942 944 944 946 950 951 952 953 954 955 955 956 958 959 960 961 963 963 964 964 964 965 966 968 969 970 970 972 972 972 974 975 975 975 978 979 979 980 981 981 982 984 985 986 987 989 989 989 991 991 992 992 993 994 997 997 998 998 999 999 999
1 2 4 4 6 7 8 11 14 15 15 17 17 18 19 20 22 23 23 24 24 25 27 27 30 33 35 36 36 37 38 39 40 40 43 43 44 45 46 50 54 56 59 59 59 63 64 66 68 70 70 71 73 76 76 80 81 82 83 83 88 90 90 91 91 91 92 93 94 94 96 97 101 102 103 107 108 109 110 111 113 114 117 118 119 119 119 121 125 126 132 134 137 137 138 139 141 145 146 146 146 146 147 150 152 158 163 164 166 166 169 170 170 170 171 171 171 173 175 176 177 178 178 179 180 190 190 191 191 192 194 194 196 202 203 205 207 209 210 210 210 212 213 214 214 215 216 217 218 221 221 224 224 225 229 232 232 232 235 236 236 236 239 241 242 242 244 245 249 249 251 252 253 256 257 258 258 259 261 263 264 265 267 267 268 268 268 270 271 273 274 274 276 276 277 279 279 280 281 281 283 285 291 292 292 294 295 296 297 298 299 299 300 302 303 306 306 316 319 319 320 321 322 323 323 324 325 327 328 328 328 329 329 329 330 333 334 335 341 341 342 343 344 344 345 347 348 351 351 358 363 363 366 367 367 368 371 373 377 378 378 378 378 380 380 380 381 384 384 385 388 388 389 390 391 393 394 394 395 396 399 399 402 404 404 406 407 413 416 417 418 419 424 427 429 431 433 434 434 435 435 436 439 440 442 442 444 444 447 449 449 450 450 452 452 453 453 454 458 459 461 461 466 467 467 469 471 472 472 476 476 476 476 478 479 479 479 481 482 482 482 482 489 490 494 496 497 499 502 503 503 504 504 507 507 509 511 511 513 516 518 519 523 523 523 523 523 525 526 526 527 529 531 531 532 532 533 534 535 536 537 537 539 540 543 546 548 550 550 551 551 554 554 556 557 560 562 562 562 563 564 568 568 568 569 570 570 574 575 575 578 579 579 580 580 581 581 581 583 584 588 589 589 590 591 592 592 593 596 599 599 600 600 601 601 602 603 604 605 606 607 608 608 609 609 610 610 612 612 613 614 614 614 616 616 620 622 622 624 624 627 627 629 632 633 633 634 634 635 635 636 636 638 638 640 640 641 643 644 645 647 648 648 653 655 657 657 660 661 665 666 667 668 669 671 672 673 673 675 676 677 679 679 682 683 684 685 686 688 692 692 693 693 694 695 695 696 696 700 701 701 706 707 709 710 710 712 712 713 713 717 720 721 724 724 725 725 725 726 727 727 728 730 730 731 731 732 732 732 733 735 735 737 740 744 746 748 751 752 752 753 754 756 759 760 762 763 763 765 766 769 770 771 772 774 774 778 779 780 783 784 784 788 789 790 793 794 797 801 802 804 806 809 810 817 818 818 819 820 823 825 826 828 836 836 837 839 841 843 844 845 848 850 851 851 853 853 854 854 854 856 859 860 863 864 870 871 871 872 873 883 887 890 891 893 894 894 896 901 903 906 912 914 915 921 921 922 924 927 929 936 939 941 942 946 946 947 948 952 952 953 955 955 956 956 961 962 962 970 970 971 974 975 978 978 979 980 981 981 981 981 981 982 986 987 988 990 991 993 994 994 994 996 998
1 2 3 3 4 5 6 7 7 11 11 12 12 12 13 14 18 18 18 19 19 20 21 23 25 25 27 28 32 35 37 37 37 39 39 39 39 43 44 47 47 50 50 50 54 55 56 59 59 59 61 61 61 61 69 70 72 72 73 74 74 76 77 78 78 79 82 82 83 84 84 85 85 88 89 95 96 98 102 102 104 106 107 108 108 112 112 114 115 117 119 120 120 123 124 126 126 129 129 130 130 131 133 133 135 136 137 141 141 142 143 146 146 148 148 148 149 149 151 152 153 154 156 158 159 160 161 161 163 163 165 166 170 175 175 177 180 180 180 183 185 185 185 186 186 187 187 191 193 193 194 195 195 197 197 199 201 203 205 205 206 208 208 208 210 211 213 214 215 216 218 220 220 220 221 222 223 225 225 226 226 228 230 231 232 233 233 234 235 236 237 238 238 240 241 242 243 246 246 251 253 254 256 257 259 260 261 263 263 264 264 267 268 269 270 273 274 276 276 281 283 283 284 284 285 285 289 289 291 292 292 293 294 295 295 296 296 297 298 299 299 299 299 300 301 301 302 304 306 306 307 308 309 309 309 310 311 318 318 320 322 326 328 330 332 333 333 334 335 336 337 340 340 342 343 345 345 346 346 348 348 349 349 350 352 352 352 353 353 355 355 355 356 360 360 360 361 361 361 363 364 366 366 367 368 368 369 370 374 374 376 377 377 377 378 380 381 382 385 386 388 389 390 390 390 392 393 393 394 394 394 395 395 396 396 396 396 398 398 398 399 399 399 400 400 401 402 403 405 406 407 408 409 410 410 414 414 415 415 415 417 417 417 418 418 420 421 421 422 422 423 424 424 425 428 432 432 432 433 434 435 436 437 439 441 441 443 444 445 445 446 447 448 448 448 451 451 451 452 452 455 456 456 457 459 460 461 466 467 467 474 477 477 478 478 478 481 482 482 485 486 488 490 490 491 491 492 492 492 493 494 495 496 496 498 499 501 502 502 506 508 509 510 512 512 513 513 514 515 515 517 517 517 518 518 520 521 522 523 524 529 530 533 534 534 534 535 535 536 540 543 543 544 546 546 547 548 548 550 550 552 552 553 553 553 553 554 554 555 556 556 556 560 561 561 565 571 571 573 573 573 575 576 578 580 580 581 583 586 587 587 588 589 589 592 592 593 596 596 597 600 602 604 605 605 606 607 607 607 608 609 610 611 612 612 617 619 621 625 626 626 627 627 628 630 630 632 632 633 635 635 638 638 639 639 640 640 640 640 644 646 646 647 647 648 650 651 652 652 655 656 656 659 659 661 664 664 665 666 666 668 669 670 671 671 672 674 674 675 677 678 681 683 683 685 687 690 691 698 699 702 702 702 703 706 708 710 710 711 711 711 711 716 718 719 719 720 722 722 722 724 725 726 727 728 732 733 733 734 734 735 735 740 741 742 744 747 749 749 754 755 756 756 757 759 764 766 767 769 770 772 773 774 774 781 782 783 785 787 788 788 790 791 792 794 794 795 795 799 799 802 802 804 805 805 806 806 806 807 809 812 813 815 816 816 816 817 817 822 823 824 824 825 826 830 831 833 833 836 836 837 837 839 839 842 842 849 849 850 851 852 855 856 856 857 858 858 860 860 861 861 861 862 863 863 864 865 870 870 871 872 874 877 878 879 879 879 880 881 884 886 886 888 888 888 889 890 892 892 894 895 895 896 897 898 902 903 903 904 905 905 905 907 908 909 910 911 913 914 917 919 922 924 926 927 931 931 933 933 935 938 939 939 940 940 942 942 943 945 948 951 951 952 952 953 958 958 960 961 961 962 963 966 966 967 969 973 975 975 979 979 981 983 986 986 987 987 988 988 988 992 995 995 996 996 996 997 1000
0 5 6 7 7 7 8 9 12 14 15 21 22 23 24 26 29 30 31 33 34 35 41 42 42 42 42 44 44 46 46 46 48 48 49 50 54 55 56 57 57 59 63 64 66 67 67 68 69 69 70 70 77 77 78 79 79 79 81 81 83 84 85 86 86 88 90 91 91 92 92 96 97 99 100 101 104 105 106 106 106 108 108 112 114 115 116 122 122 123 123 123 123 124 130 131 132 132 133 133 133 134 135 136 140 141 142 143 146 147 148 151 151 151 152 152 157 158 160 160 161 162 163 163 165 166 167 167 170 171 172 173 173 176 177 180 182 182 182 182 183 184 185 186 189 189 192 193 193 194 196 196 196 197 197 199 201 203 203 203 204 204 206 207 208 210 211 213 217 218 220 220 223 223 224 225 225 225 226 227 228 228 233 233 234 235 236 236 236 237 240 247 248 250 251 251 252 254 258 258 258 262 266 267 269 269 271 272 273 273 274 282 290 294 295 298 299 302 303 304 304 307 307 307 309 312 312 313 314 314 315 319 319 323 323 328 329 329 332 332 333 338 338 346 347 351 351 355 355 356 356 357 358 359 359 361 361 364 366 366 368 369 369 370 370 371 372 375 378 378 379 379 380 384 386 386 387 388 389 389 393 393 395 397 398 399 400 401 401 401 401 405 406 410 410 411 412 413 414 415 417 417 418 419 422 425 428 431 433 433 434 435 436 437 438 439 439 442 444 444 447 447 452 453 454 456 456 458 458 460 461 463 464 464 468 469 469 471 472 473 474 475 476 476 477 479 480 480 480 483 485 485 487 487 491 491 494 495 495 495 500 500 502 502 504 505 506 506 507 508 511 513 513 513 513 515 517 519 520 522 522 524 525 526 527 528 528 528 530 530 530 531 531 532 533 537 538 538 538 540 542 542 543 545 545 547 547 548 549 551 552 552 554 555 556 556 557 559 560 561 561 564 565 566 567 570 572 572 573 575 575 576 577 577 578 579 582 583 583 585 586 586 590 590 592 593 593 595 596 597 599 599 600 601 608 608 609 610 613 615 615 618 619 619 620 620 621 622 622 625 626 627 627 627 629 629 629 629 630 631 633 635 636 639 643 643 643 646 649 649 649 651 653 653 654 654 656 656 664 665 665 665 666 669 669 669 671 672 672 672 672 682 682 683 686 687 687 688 688 695 697 697 697 700 703 705 705 705 707 707 711 712 712 714 715 716 716 719 721 722 725 725 725 725 726 726 728 728 730 730 732 732 735 735 738 738 741 741 741 742 744 745 748 751 751 752 753 753 754 755 756 757 759 759 761 763 763 766 767 770 770 774 775 777 777 780 781 783 786 789 790 793 793 793 793 794 794 795 795 796 800 803 803 804 806 807 809 812 813 814 814 815 819 819 820 820 820 821 823 823 823 823 824 828 830 831 831 832 832 832 833 835 836 837 841 842 843 844 844 846 848 849 849 849 850 852 854 855 855 856 860 861 861 861 861 862 862 864 865 865 869 870 880 883 884 884 885 887 887 887 887 889 890 891 892 894 897 899 900 901 902 903 903 903 904 906 906 907 910 912 914 918 918 919 919 921 922 924 924 925 926 930 931 931 934 935 935 938 938 940 940 940 943 945 952 952 953 953 955 955 955 956 957 957 957 958 959 961 964 964 967 967 967 970 972 972 973 973 974 974 975 976 977 979 981 982 983 983 987 987 989 991 993 995 999 999 1000 1000 1000
0 3 3 6 8 8 9 13 13 14 16 18 19 19 19 20 20 21 23 24 24 25 28 28 28 34 35 35 37 38 39 43 46 46 49 50 52 54 55 56 59 59 59 61 62 62 62 62 62 63 64 64 65 66 68 68 68 69 71 71 72 73 73 73 77 78 78 81 82 83 84 86 91 92 92 92 93 95 96 96 101 101 102 103 105 105 106 106 108 109 110 110 110 110 110 117 118 122 124 125 126 128 128 131 133 133 136 136 137 141 144 145 151 152 153 155 155 155 157 158 162 162 162 163 163 164 164 166 166 167 168 170 170 171 172 172 173 174 174 175 176 179 179 179 179 179 181 182 183 190 193 193 194 195 197 197 197 198 198 198 199 201 205 206 207 209 209 210 210 210 211 213 214 217 221 222 223 224 226 226 229 231 232 235 235 237 237 242 244 244 247 249 250 253 253 254 254 255 258 263 268 270 274 274 275 280 282 282 283 284 285 286 286 287 288 288 290 293 293 295 297 297 298 300 301 302 303 311 312 313 313 313 314 314 316 317 318 319 319 319 322 325 325 325 326 327 330 331 331 333 333 335 336 336 336 338 338 338 338 339 342 344 344 350 354 355 356 357 358 360 361 364 366 368 370 372 374 375 376 386 389 390 394 395 395 396 397 402 402 405 407 407 410 410 410 411 412 414 414 416 417 418 420 420 421 423 423 424 424 425 425 426 426 429 429 430 431 431 431 434 435 436 436 437 437 440 444 447 447 448 451 451 453 453 455 456 457 459 460 460 461 463 463 464 466 467 468 468 469 470 470 471 471 472 473 475 478 478 479 479 479 482 482 482 483 483 485 487 490 497 497 497 499 499 504 505 510 512 514 517 517 518 518 523 523 525 528 531 532 534 537 539 541 541 543 543 544 547 552 553 553 556 557 558 559 561 562 563 564 564 565 571 572 572 573 574 578 580 585 587 587 588 589 592 593 595 597 598 599 599 600 602 604 605 606 613 614 615 617 617 617 619 622 624 625 628 631 631 631 634 638 638 638 639 640 641 642 642 642 642 643 643 644 645 645 646 650 652 652 652 653 654 655 656 657 658 658 659 660 660 661 668 669 670 672 674 677 678 679 681 683 684 684 684 690 692 692 692 694 696 696 698 698 703 703 704 707 707 707 708 708 710 710 711 713 714 716 716 719 720 723 723 727 728 728 728 729 730 730 731 731 732 736 736 739 740 741 742 748 750 752 752 753 757 757 761 762 762 763 763 769 770 770 771 772 772 774 780 785 785 787 788 790 790 797 799 801 801 803 806 809 809 811 814 815 817 819 820 820 820 821 823 825 828 829 832 833 834 835 835 836 837 838 840 844 844 849 850 850 851 858 862 863 864 867 875 876 879 882 884 884 886 887 888 889 890 894 900 901 903 903 905 905 905 906 906 907 909 910 912 915 916 916 918 919 924 926 928 929 929 931 934 936 936 937 938 939 943 946 947 947 949 952 953 955 955 956 957 958 959 959 960 961 962 964 966 966 967 967 967 968 970 972 972 972 973 975 976 978 979 980 982 983 983 986 986 987 989 992 993 995 995 998
1 5 7 7 8 11 12 14 15 16 17 18 19 19 20 25 28 29 29 30 31 32 33 33 35 43 43 44 46 49 50 50 50 52 52 52 55 60 60 62 63 65 65 69 70 71 72 72 73 73 75 76 79 79 79 80 83 88 91 92 92 92 93 95 97 97 97 102 103 103 103 104 104 105 105 108 109 111 112 113 114 116 117 119 119 120 122 124 124 125 125 127 129 129 129 132 136 136 137 139 139 142 143 145 147 148 150 150 153 155 157 157 157 159 170 170 173 174 175 176 178 178 180 182 182 183 186 187 187 188 193 195 196 196 197 198 198 199 199 202 204 204 204 205 210 211 216 216 218 220 220 222 222 223 223 225 227 227 228 232 232 234 234 235 235 235 237 240 240 241 245 247 247 247 248 250 251 252 252 252 255 257 262 262 264 265 266 267 270 270 270 271 271 272 273 274 274 274 276 276 277 279 279 280 281 284 285 288 288 289 289 289 290 291 293 293 294 295 297 298 298 299 301 302 304 305 306 306 307 307 307 307 308 309 309 309 310 310 312 313 316 319 319 319 323 323 325 330 331 332 333 334 337 339 340 345 346 350 353 354 354 355 357 358 358 360 360 360 362 363 367 368 368 369 369 369 371 371 371 372 374 375 376 380 382 382 384 384 386 389 390 390 391 393 394 395 395 396 396 400 402 403 403 404 405 406 408 409 410 411 411 413 414 414 414 415 415 416 419 421 421 421 422 424 427 429 431 431 432 433 434 436 436 436 437 438 439 441 442 442 443 445 446 447 447 447 447 452 454 454 455 455 456 459 460 462 462 462 463 467 469 471 471 472 474 475 475 476 477 478 480 480 483 484 484 490 491 493 493 496 497 497 497 498 498 499 499 499 499 501 501 503 504 505 506 510 510 511 511 511 512 512 512 513 515 516 518 518 521 523 523 523 524 524 525 528 530 533 533 535 537 540 541 541 541 545 546 546 548 549 550 550 552 553 557 557 557 557 559 559 560 560 560 560 561 562 565 565 567 568 568 568 569 569 572 572 573 577 579 579 581 582 586 590 591 591 592 595 595 597 600 601 602 603 604 606 606 606 606 608 609 610 612 613 615 615 616 617 618 619 619 620 621 621 621 622 623 624 625 625 625 626 627 628 630 635 637 642 643 643 643 644 645 645 647 648 649 652 653 653 654 656 660 661 661 662 662 663 663 664 664 666 669 669 672 680 680 680 681 682 684 686 686 686 688 689 691 693 694 695 700 702 703 703 705 705 706 706 710 710 715 717 719 719 719 720 720 722 724 725 727 728 729 731 733 736 738 738 739 739 740 741 743 744 744 744 745 745 746 746 750 754 755 756 756 756 758 759 759 761 762 764 765 765 767 768 769 770 772 775 775 776 776 777 779 779 780 780 783 785 788 788 789 789 790 791 792 794 795 799 804 806 806 806 807 807 808 809 810 816 818 818 821 821 822 823 825 826 826 827 827 828 830 830 832 834 837 837 840 842 843 847 852 855 855 856 857 859 862 863 863 863 864 865 866 866 867 868 869 871 874 875 875 876 876 876 878 879 880 881 882 883 884 885 888 888 888 890 890 891 892 900 901 902 903 904 909 909 911 912 912 916 919 920 920 921 922 923 923 923 926 926 927 927 928 929 929 931 931 931 932 933 935 935 935 938 941 941 941 941 942 945 945 946 946 950 951 951 952 954 954 954 955 955 958 959 959 959 962 963 963 965 969 969 970 971 972 972 972 974 974 975 976 976 977 978 979 981 984 985 985 987 988 990 990 991 991 991 992 992 993 994 994 994 995 999
3 5 10 14 14 21 21 22 22 25 27 27 30 32 34 34 35 37 39 41 43 47 48 52 52 52 63 64 65 65 72 74 75 76 76 78 82 83 83 84 84 85 85 86 87 91 92 94 96 100 100 101 101 102 102 104 108 111 111 112 113 115 118 119 119 119 120 123 124 126 128 128 130 131 131 139 140 140 141 142 143 143 145 146 148 151 152 152 155 158 160 161 164 165 167 170 172 172 175 175 175 175 180 180 182 183 186 190 192 199 203 208 210 213 214 215 215 217 220 221 223 227 227 228 230 235 236 236 237 238 239 239 240 242 244 248 248 250 251 252 255 256 257 260 260 261 263 263 272 272 273 276 276 277 277 280 283 284 284 284 285 286 288 291 292 294 294 299 300 303 310 312 315 316 319 320 321 324 324 330 331 332 333 333 334 334 335 336 342 343 343 344 346 347 348 349 350 354 354 355 356 356 358 360 361 363 367 367 374 376 377 379 380 380 386 387 389 394 396 396 397 399 399 400 402 404 404 404 405 405 407 408 409 412 414 420 423 428 428 430 431 433 435 435 440 440 444 445 445 446 446 451 452 457 458 459 460 461 461 462 463 464 465 465 465 466 475 475 475 478 479 479 481 482 486 487 488 488 492 493 494 495 496 497 500 501 501 503 503 504 506 508 509 510 510 512 514 515 516 516 519 519 522 526 527 531 532 532 534 537 544 547 547 548 549 551 551 554 557 562 563 563 564 565 567 568 569 570 571 574 574 575 575 575 584 586 590 592 593 593 595 597 600 600 601 601 602 602 606 607 608 615 618 618 623 624 626 627 627 628 632 634 635 636 636 638 639 642 643 643 645 645 647 648 650 651 654 655 658 658 659 661 665 665 668 668 673 676 676 677 677 678 681 683 692 692 693 697 697 698 698 700 704 704 705 707 707 708 710 711 712 715 721 721 723 723 725 733 738 739 740 752 755 756 765 765 766 768 780 787 789 791 792 792 795 800 800 802 803 803 808 809 811 814 814 815 817 819 820 821 827 833 835 835 838 841 842 843 845 846 849 850 851 853 853 854 858 858 860 860 863 865 867 869 869 869 871 873 874 876 879 882 883 886 887 891 893 894 894 895 895 900 901 902 904 905 906 907 908 909 909 913 915 923 925 926 928 930 931 935 938 939 940 940 944 946 947 948 950 954 955 958 959 961 961 962 962 963 966 970 970 973 973 973 976 978 980 982 984 984 986 987 990 994 994 995 996 996
0 0 0 3 4 5 6 9 10 10 12 12 13 14 16 18 20 22 24 24 24 26 26 27 27 27 27 27 27 30 30 33 33 35 36 37 37 38 38 38 41 42 42 43 43 44 45 47 47 47 48 48 48 48 49 50 50 53 55 55 57 58 59 59 59 62 64 64 64 65 65 65 66 66 66 69 69 74 74 75 76 76 83 84 86 90 92 95 96 96 98 98 100 100 100 101 102 103 104 107 108 108 109 109 109 110 112 116 116 118 119 126 127 128 129 129 129 130 130 130 133 134 134 137 138 139 142 143 147 148 148 151 151 153 154 154 155 156 157 157 157 157 158 158 160 161 163 163 165 166 167 167 169 169 171 171 172 174 176 177 180 181 181 183 184 185 186 187 187 187 187 188 190 191 191 193 195 195 195 196 197 198 198 201 202 203 204 205 207 209 209 210 210 210 211 211 211 211 217 218 220 220 225 226 228 229 231 231 232 232 233 237 237 240 242 243 243 243 244 248 249 249 250 251 253 253 256 256 256 256 258 261 261 263 263 263 266 268 271 272 274 277 277 278 279 281 282 282 283 284 285 286 287 287 288 289 289 293 294 295 296 296 296 297 298 299 299 301 302 303 303 304 307 308 308 310 311 314 314 315 315 316 316 316 317 319 319 320 321 321 322 323 323 323 325 325 325 326 327 327 329 330 330 330 331 333 333 333 335 335 340 341 341 345 346 351 351 352 352 353 357 359 361 362 363 366 367 368 371 371 372 373 373 375 376 377 377 378 378 378 379 380 381 381 381 381 385 385 386 386 387 388 388 389 389 391 391 394 394 395 397 398 400 401 402 402 403 403 404 406 407 407 408 408 408 409 411 411 412 413 415 415 415 416 417 418 419 419 420 421 422 424 424 428 428 429 430 432 434 436 439 439 442 443 444 444 447 447 447 448 448 448 450 452 452 453 453 454 454 455 455 460 460 463 464 464 467 467 467 467 472 472 472 472 473 473 475 475 475 477 478 480 480 480 481 482 483 483 485 486 487 488 489 489 491 493 494 495 496 496 497 497 497 498 499 500 501 503 506 509 511 513 515 515 517 517 519 520 521 524 525 526 526 527 527 527 528 531 533 533 533 534 536 537 538 541 543 543 543 549 551 551 554 554 555 556 556 559 560 561 561 562 563 564 564 565 565 565 566 567 568 568 569 570 570 573 573 573 575 577 578 578 578 579 581 581 582 584 585 586 586 587 588 588 589 590 591 591 592 593 593 593 594 594 596 602 602 605 605 606 609 609 610 611 612 612 613 616 616 616 616 617 617 619 620 620 621 622 623 624 625 625 626 626 628 628 628 629 630 634 634 637 637 638 638 639 639 639 642 644 646 648 649 650 652 653 653 654 656 656 657 659 659 660 661 661 666 668 668 668 669 670 670 674 674 677 677 678 679 681 681 682 684 684 684 687 689 690 690 690 691 691 692 695 695 697 697 699 700 701 701 701 702 703 707 707 707 709 709 710 710 711 711 713 714 716 716 720 722 722 724 725 726 730 730 732 733 736 740 742 743 745 748 749 751 751 752 752 754 754 754 755 761 761 761 763 763 763 763 763 763 764 765 767 767 767 768 768 768 770 771 771 771 771 772 772 773 774 774 778 780 784 785 785 786 787 788 789 791 791 795 798 800 800 803 804 804 805 807 808 810 813 813 814 815 816 816 816 818 818 819 820 821 822 823 825 825 826 827 827 829 830 831 831 831 833 833 834 836 838 839 839 841 841 841 841 841 844 844 845 845 847 847 847 849 849 851 852 852 852 857 860 862 862 863 863 864 865 865 866 866 870 870 871 871 872 872 873 874 875 876 878 878 879 880 881 882 882 883 884 884 888 888 888 888 890 891 892 892 892 893 895 900 900 901 901 902 902 903 910 910 911 914 914 914 915 916 918 919 920 921 923 923 925 925 925 926 926 928 928 931 933 933 934 935 938 938 938 939 940 940 940 941 942 943 943 946 947 947 948 949 950 951 951 953 954 958 959 961 961 962 962 963 963 963 964 965 967 967 967 967 972 974 974 974 977 978 978 979 984 984 984 986 988 991 991 991 992 993 994 995 995 995 995 995 996 998 998 1000 1000
0 1 2 3 4 5 5 6 7 10 13 14 15 16 17 19 19 20 20 22 23 23 25 26 29 30 30 31 32 36 41 41 42 43 46 46 46 46 48 48 50 55 56 56 58 60 62 63 66 66 66 66 68 68 71 72 75 75 77 79 81 82 84 85 85 86 86 87 88 90 92 92 93 95 95 95 96 96 97 97 98 100 102 102 104 104 105 105 107 107 109 110 111 111 112 115 116 117 117 117 119 121 123 124 125 129 131 132 132 133 133 133 135 135 138 139 139 139 140 141 145 147 151 151 152 153 154 159 163 167 167 168 168 168 170 171 172 173 173 176 177 179 179 181 182 183 183 183 183 185 185 185 186 191 196 196 198 198 199 200 200 201 202 203 203 204 204 204 205 205 205 208 209 209 210 210 211 211 213 213 214 215 216 216 217 218 219 220 223 226 231 234 235 236 237 238 239 239 240 242 242 243 243 246 246 249 249 249 251 251 252 256 257 258 259 261 261 262 263 263 265 266 266 269 270 270 271 272 273 274 276 276 276 278 280 283 284 286 287 288 288 290 292 292 292 293 294 294 294 298 298 299 299 300 301 302 305 305 306 308 308 310 311 317 320 321 321 322 322 323 323 326 327 328 329 331 331 332 334 334 335 336 340 341 344 345 346 346 347 347 349 349 352 352 355 356 356 357 357 358 358 359 363 363 364 366 366 368 370 375 383 383 384 386 387 388 390 392 393 394 395 396 396 396 397 397 397 399 400 400 401 403 403 405 407 411 413 417 420 421 421 423 424 426 426 426 427 427 428 429 430 432 432 434 434 434 439 442 443 444 445 445 445 447 448 450 450 451 451 452 452 453 454 455 459 460 461 462 463 467 471 474 476 477 479 480 481 482 482 483 483 484 484 485 486 487 487 487 488 489 489 491 492 494 499 499 500 502 502 503 503 503 505 506 506 507 510 510 511 511 511 512 514 514 515 515 518 519 520 521 523 524 526 529 530 530 531 532 533 533 534 534 535 537 538 538 541 541 543 543 544 545 546 550 551 552 553 554 555 556 556 558 558 559 559 559 560 561 564 565 566 566 568 569 570 571 571 573 574 575 577 578 579 579 579 584 585 585 587 588 595 595 597 599 599 601 602 602 603 603 603 605 607 612 617 617 618 620 621 621 622 622 622 622 623 623 624 625 627 627 628 631 631 632 634 634 634 636 637 637 637 638 638 639 640 640 641 643 645 645 646 647 647 648 648 649 649 650 655 655 656 656 657 658 659 659 660 662 664 664 666 672 673 674 674 675 675 675 676 678 678 679 681 683 687 687 690 690 691 692 694 695 695 695 697 697 698 699 699 700 701 702 703 703 704 705 706 706 709 715 719 720 721 722 725 726 727 729 730 731 733 734 735 737 737 739 743 743 744 746 746 746 748 748 748 750 750 750 752 753 757 761 761 762 762 763 763 763 763 763 765 765 768 769 775 775 775 775 776 779 780 781 781 781 781 783 783 786 786 788 788 790 791 793 794 795 796 796 796 797 797 798 798 799 800 800 802 803 803 805 805 806 807 809 809 810 811 812 815 815 817 818 819 819 819 819 819 820 820 820 821 821 822 823 823 824 825 826 826 828 830 831 835 836 839 839 839 842 842 843 845 846 849 853 853 855 856 857 859 862 862 862 864 866 868 869 869 871 877 881 881 882 884 884 884 887 888 888 892 892 894 894 895 896 897 898 903 904 909 909 910 912 912 913 914 916 917 918 920 921 923 924 924 924 927 927 928 929 930 930 930 931 931 931 933 933 934 936 939 939 940 941 942 942 942 942 943 944 944 945 946 950 951 951 952 955 955 956 957 959 959 960 962 963 964 964 967 968 969 973 973 974 974 975 977 978 978 979 980 981 981 983 984 987 988 988 989 990 990 991 991 992 993 994 995 996 996 999
0 1 1 1 2 2 4 6 7 9 10 10 10 11 11 12 13 14 14 14 15 16 16 16 19 20 20 26 27 27 27 28 28 28 29 29 31 32 34 35 36 37 37 38 39 44 45 46 48 48 50 51 51 51 51 52 52 54 55 56 57 57 59 60 61 62 62 62 62 65 66 67 68 68 68 68 71 71 75 75 76 76 79 82 83 84 86 89 91 91 93 96 99 100 102 103 104 105 105 106 106 106 108 109 113 115 115 115 116 116 117 118 120 121 121 122 124 127 127 129 129 129 131 131 131 133 135 136 136 137 137 141 142 142 143 143 145 148 148 150 150 150 151 152 152 153 153 156 156 157 157 158 159 162 163 165 166 167 167 168 169 169 169 170 172 173 174 177 178 178 179 181 182 182 182 183 184 185 189 190 193 195 196 199 200 200 201 201 201 201 203 205 206 206 207 207 208 210 210 210 212 213 213 213 214 215 217 217 218 218 218 219 220 222 222 225 230 232 235 235 236 237 240 241 241 242 243 243 244 246 246 246 246 247 248 250 251 251 251 252 253 255 255 255 255 256 256 257 259 261 264 264 265 270 270 272 274 275 275 276 277 277 278 280 280 281 285 286 287 287 287 288 289 294 294 296 297 297 297 299 300 300 300 301 303 305 306 307 309 310 311 311 312 313 313 314 314 314 315 315 315 315 316 320 320 322 322 323 326 326 327 328 328 334 334 335 335 335 336 337 339 342 343 344 344 345 347 347 347 347 349 350 351 352 356 357 358 359 360 360 361 361 364 365 368 369 371 372 374 375 376 380 381 381 382 382 386 387 388 388 389 389 389 391 393 393 394 394 394 395 395 396 397 399 399 400 403 405 406 407 408 409 411 413 414 415 416 416 417 418 418 419 422 423 424 425 425 425 426 428 429 430 432 432 432 433 434 437 437 439 439 442 442 444 446 447 448 449 450 451 451 451 452 452 454 454 454 455 456 456 458 458 463 464 467 468 470 471 472 472 474 474 475 475 477 478 480 480 481 481 483 483 485 487 490 490 490 493 493 493 494 495 496 497 497 497 498 499 499 499 500 501 501 502 504 504 506 506 508 509 510 510 511 512 512 512 512 515 515 515 516 518 518 518 519 520 520 521 523 524 524 525 527 527 528 531 532 533 533 534 534 535 536 536 537 540 541 542 543 544 544 546 546 549 550 551 552 552 553 554 555 556 557 559 560 561 562 562 563 564 565 565 565 568 571 572 574 576 579 580 581 582 582 582 583 583 584 586 586 587 589 589 593 593 593 595 596 596 596 596 597 599 601 602 603 604 605 606 607 609 610 610 612 613 614 615 615 616 617 618 621 623 623 623 625 626 626 626 629 630 632 633 634 634 634 636 636 636 641 641 643 643 643 644 644 644 646 646 647 647 648 648 649 650 650 651 652 652 653 654 655 656 657 657 657 661 662 663 664 665 668 668 669 669 670 670 672 673 675 676 676 677 677 678 679 680 681 681 682 686 688 689 692 692 692 693 694 695 695 697 697 698 699 699 699 700 701 701 702 704 704 706 711 712 713 713 714 718 719 720 720 723 723 724 724 725 727 728 728 730 732 732 733 735 740 742 742 742 743 744 745 745 751 752 752 754 758 758 759 760 761 762 764 764 767 768 768 768 768 770 770 771 771 771 773 774 775 776 776 777 778 778 779 779 784 784 785 785 786 788 788 789 789 789 789 789 789 792 796 797 798 798 799 800 802 802 803 804 807 808 808 810 810 810 812 815 816 816 816 817 817 818 819 820 821 822 824 825 826 826 827 829 829 830 830 832 835 835 835 835 835 836 836 838 838 838 838 839 843 843 844 846 849 851 853 854 854 855 855 855 858 858 860 863 864 865 865 866 869 869 870 870 872 874 876 876 878 879 879 880 880 880 885 885 887 889 890 893 895 898 899 899 899 899 900 900 901 902 903 904 905 905 906 910 911 911 912 913 918 918 918 918 919 921 922 922 923 923 924 924 925 926 927 928 929 931 932 932 932 934 936 938 940 943 944 947 947 948 950 950 952 953 954 954 956 957 957 959 961 962 962 964 965 966 967 969 970 970 971 971 972 972 972 972 973 974 974 976 978 979 980 981 982 984 984 984 985 985 985 985 986 986 987 988 990 991 991 991 992 993 993 995 995 996 996 998
2 3 9 11 11 11 12 16 16 18 19 19 20 22 24 24 26 26 27 27 27 28 35 35 38 39 39 40 40 41 41 42 44 46 47 47 47 47 47 49 52 56 59 60 62 65 65 65 66 67 68 69 74 74 77 79 80 84 85 85 86 88 92 93 93 94 94 96 97 99 100 101 101 102 104 106 107 111 115 118 120 120 122 126 135 135 138 139 143 145 146 147 148 150 150 151 153 156 157 160 163 163 165 168 169 170 173 175 180 180 181 181 185 185 185 186 192 194 198 198 198 199 201 202 203 204 204 205 209 210 210 211 212 213 215 215 216 217 218 219 219 219 221 221 222 227 228 230 235 237 238 238 241 243 244 245 247 251 255 258 259 262 263 263 265 265 265 266 266 269 271 274 275 276 278 279 282 284 285 287 288 289 290 292 294 297 298 299 299 299 300 300 301 301 302 302 303 303 304 304 306 310 310 312 312 312 316 317 318 319 319 320 321 321 323 324 327 327 328 330 331 333 333 336 337 337 338 338 338 339 340 343 345 349 349 350 353 354 354 355 358 361 361 364 366 366 366 367 377 377 378 382 382 383 384 385 386 386 387 387 391 391 392 392 395 396 398 398 398 398 402 404 404 406 409 411 415 416 418 419 420 420 421 421 421 424 427 429 431 432 434 436 436 436 440 441 441 442 442 443 443 445 446 448 448 448 450 453 456 457 460 460 460 461 463 466 467 467 468 470 472 474 479 479 479 480 482 482 485 492 493 498 498 500 501 502 502 504 505 506 506 507 508 509 509 510 511 512 512 513 514 515 517 522 522 522 525 526 527 529 530 530 533 541 542 544 549 550 551 551 554 554 556 558 560 561 564 567 568 568 569 571 572 574 574 575 581 581 582 582 583 583 584 586 586 587 587 589 592 592 593 593 594 595 596 596 598 599 600 601 601 601 602 603 604 605 606 609 610 610 612 612 613 613 613 613 614 617 618 619 620 621 623 625 625 625 626 627 628 630 631 638 643 644 646 648 648 652 653 653 653 654 656 656 657 657 658 660 663 663 663 664 665 665 665 665 666 670 672 673 674 674 677 677 679 679 679 682 682 682 682 682 684 685 685 685 685 686 686 687 687 687 687 690 691 692 692 694 694 701 701 709 710 710 712 713 715 716 717 718 718 719 719 719 720 723 724 725 725 725 727 727 727 729 730 730 731 733 735 739 740 741 741 742 742 742 742 752 761 763 764 766 767 767 767 768 771 771 772 772 773 774 777 780 782 783 783 784 786 787 788 788 788 789 793 796 800 800 801 803 804 805 808 808 808 809 809 811 812 813 814 816 818 824 824 826 827 828 832 833 834 837 839 841 841 845 846 846 846 853 858 858 859 859 861 862 863 865 867 868 868 871 871 873 873 873 876 876 877 877 881 884 884 885 885 892 893 894 898 898 899 899 900 900 901 901 903 903 904 905 912 912 912 912 914 923 924 925 925 926 929 929 932 932 933 937 939 939 940 944 944 946 946 947 950 951 951 953 953 953 953 954 954 956 958 958 958 958 960 962 962 963 963 963 964 967 968 968 968 968 970 973 975 977 977 978 979 980 982 982 983 983 984 985 986 987 988 991 991 993 999
2 4 5 5 5 6 9 10 10 11 11 13 14 14 14 14 15 16 17 20 21 23 23 23 24 24 24 24 25 25 25 26 27 28 30 33 34 34 34 35 35 36 36 39 39 42 43 43 43 44 44 44 45 45 46 46 46 47 49 50 50 53 54 57 58 58 59 60 61 62 64 66 67 68 70 70 71 72 73 73 73 77 77 77 79 82 83 85 86 89 90 92 93 96 97 100 101 102 103 104 104 106 108 108 109 110 111 113 115 118 120 121 122 123 124 125 125 126 126 127 131 133 133 136 137 138 139 140 142 143 143 146 146 146 148 148 148 150 151 152 154 155 155 155 156 156 157 158 162 162 162 164 165 166 167 169 173 175 176 176 177 178 180 182 184 185 186 187 190 190 190 190 191 191 191 192 193 193 194 194 196 196 198 199 199 200 201 206 208 209 209 211 211 213 213 215 215 216 218 218 220 221 221 221 223 225 225 226 226 227 228 230 234 235 235 236 236 237 237 237 237 239 241 241 242 242 243 243 246 246 247 249 249 249 250 250 251 252 252 254 254 258 260 263 265 265 265 266 271 271 273 273 275 275 276 276 277 277 278 279 279 281 282 284 285 286 286 287 289 290 291 295 295 297 297 299 299 300 300 301 302 302 302 303 303 305 306 307 307 307 308 308 310 310 310 312 315 315 318 319 321 324 326 326 329 333 333 333 333 334 334 336 338 338 338 339 342 345 345 346 348 350 351 352 353 353 353 354 355 356 356 358 358 359 361 364 364 365 366 366 366 366 367 368 369 370 370 371 372 372 373 373 374 375 375 376 377 380 380 381 381 382 382 382 385 387 387 388 388 389 390 390 390 391 392 393 393 394 395 395 395 396 397 397 398 401 402 402 405 405 406 406 407 410 411 412 414 414 415 416 420 420 421 421 422 423 424 425 426 427 427 429 429 430 430 433 435 435 436 437 437 439 439 439 441 441 443 445 445 447 447 448 449 451 452 455 458 459 460 462 464 464 464 465 466 468 468 469 469 470 471 471 472 472 477 479 480 482 482 485 485 487 487 489 490 490 490 493 493 495 495 495 495 497 497 498 499 499 500 503 504 505 505 505 506 507 509 509 510 510 514 514 515 519 521 522 523 523 525 526 528 529 529 532 533 533 535 536 536 538 538 541 541 542 543 544 544 544 545 546 548 548 551 551 553 554 555 555 556 558 560 561 562 563 563 564 565 567 567 568 570 572 573 574 575 577 577 579 580 580 582 582 582 583 584 586 587 590 591 595 595 596 597 598 602 602 603 604 604 604 604 605 609 610 612 613 613 614 616 616 616 616 616 619 620 620 620 622 622 623 623 624 625 626 627 629 633 634 634 636 636 637 638 642 643 644 644 646 648 648 649 650 652 654 655 655 657 659 660 660 661 662 662 663 663 664 665 665 667 667 668 668 669 669 670 671 671 672 672 673 675 675 675 676 676 677 677 679 682 683 684 685 686 686 687 687 687 688 688 690 692 693 695 696 697 699 700 700 703 703 705 706 706 707 709 709 709 710 711 711 711 712 713 714 716 717 718 720 721 722 723 725 727 727 727 728 729 729 729 730 730 730 732 733 733 733 734 735 735 736 738 739 743 744 745 747 747 748 748 752 752 752 754 756 757 758 759 759 761 761 761 762 763 763 764 769 769 771 772 778 780 780 784 785 785 785 787 787 790 792 792 792 793 794 797 799 799 800 801 801 801 801 802 803 805 806 806 807 808 811 812 813 815 817 818 823 824 824 825 826 826 827 827 827 828 828 829 830 830 833 834 835 836 838 838 838 839 842 843 843 844 844 844 844 845 845 845 845 846 847 853 858 858 858 860 860 860 861 863 866 866 867 868 868 870 870 871 871 872 873 874 874 874 875 877 878 878 878 879 880 881 882 884 885 887 888 891 892 892 892 893 895 897 897 898 900 900 901 903 904 904 905 906 906 907 907 908 909 909 910 910 910 911 913 914 916 921 923 923 923 926 926 927 928 928 929 933 934 934 935 935 939 940 941 941 943 943 945 947 947 951 953 953 954 954 956 957 961 965 966 966 966 967 968 968 968 969 970 971 972 973 973 974 975 976 979 982 982 985 986 987 989 990 990 991 992 993 994 995 996 997 997 997 998 998 998 1000 1000
0 1 3 6 8 8 14 14 15 17 18 18 19 26 26 28 29 30 33 33 36 36 38 42 43 44 44 44 45 45 45 47 48 50 52 53 53 54 58 58 58 64 66 69 70 70 71 72 74 76 77 81 81 85 85 86 86 87 88 88 89 90 91 94 96 96 97 98 106 107 108 113 116 116 119 120 120 123 126 128 131 132 134 135 136 138 143 143 146 146 147 147 148 148 148 149 153 154 154 155 155 155 158 158 161 161 162 163 164 165 168 169 169 170 172 172 173 174 174 175 175 177 177 182 189 190 190 193 193 195 196 196 197 197 200 200 201 201 202 203 204 206 206 207 209 209 213 220 220 224 225 226 228 230 232 233 233 235 238 239 241 249 251 254 254 255 255 257 260 260 260 260 260 260 260 262 265 265 266 267 267 269 271 271 272 272 274 276 276 277 278 279 280 280 283 284 285 286 286 288 290 290 293 296 296 297 300 301 301 302 304 305 307 308 309 311 313 313 313 314 315 316 317 321 323 324 326 326 328 329 331 333 333 334 337 337 341 342 344 344 345 345 347 347 348 348 350 351 356 356 365 368 368 374 374 377 380 382 389 391 391 392 394 394 395 396 397 398 400 401 403 403 408 409 410 411 411 412 412 415 416 417 420 420 421 421 422 426 426 427 428 429 429 433 433 436 436 437 437 441 444 445 445 451 452 452 452 453 454 455 459 459 459 460 460 461 462 465 465 465 465 467 468 469 470 471 471 473 473 476 477 478 478 480 481 484 486 487 488 488 488 491 494 496 496 498 500 501 502 503 504 508 509 510 510 511 516 517 517 517 518 518 519 519 519 520 520 520 521 521 522 523 525 526 527 527 529 531 535 535 541 544 544 549 550 550 553 556 557 558 559 562 562 564 564 571 573 576 577 577 578 579 580 583 585 587 588 592 595 596 596 597 597 597 598 599 601 603 604 605 606 607 608 609 610 611 611 612 612 613 613 615 615 616 616 618 618 619 621 621 623 623 623 627 630 631 632 633 633 633 634 634 637 639 640 641 644 646 651 653 655 656 656 659 659 660 660 661 661 663 664 665 667 669 669 669 670 671 672 672 672 672 672 673 674 675 675 677 677 678 679 679 680 681 683 683 683 684 687 687 689 689 691 692 692 695 696 696 697 697 698 698 699 699 700 700 700 700 704 704 705 706 708 711 713 714 716 716 717 717 717 718 718 718 719 720 721 722 724 725 726 730 730 734 736 736 736 739 741 741 742 743 746 747 748 748 750 752 753 753 753 754 754 756 756 758 758 759 760 766 768 768 770 772 774 775 778 780 780 780 780 781 781 781 783 785 786 788 790 792 793 794 798 801 802 803 805 805 810 812 812 812 813 814 817 818 819 825 826 828 828 829 829 830 833 836 836 837 837 838 840 840 840 841 841 842 844 847 849 850 851 853 853 853 853 854 857 858 859 859 860 861 861 862 863 868 870 871 874 874 877 877 878 880 881 883 883 883 885 886 886 888 888 892 892 893 893 896 896 898 903 907 910 911 912 917 918 918 923 925 925 926 928 928 930 931 932 933 936 938 938 939 945 947 947 947 950 952 953 953 954 954 955 957 958 958 961 963 963 964 965 966 967 967 967 968 968 971 975 976 976 977 977 980 980 980 983 984 985 986 989 994 994 996 996 999 1000 1000
0 1 2 3 3 3 4 5 6 7 8 9 9 10 10 16 16 20 22 22 23 24 24 25 25 28 30 30 31 34 34 36 39 39 41 41 42 42 45 45 45 46 46 49 49 51 53 55 58 59 60 64 65 67 67 67 68 68 70 70 72 76 78 79 81 81 81 81 83 87 87 88 88 90 94 94 95 96 97 98 99 102 105 106 108 108 114 114 116 117 118 120 121 122 124 124 125 125 129 130 133 134 136 137 138 139 139 142 143 145 145 145 145 146 148 149 149 150 151 154 156 158 159 162 162 163 165 165 167 167 168 169 170 174 176 179 181 181 182 182 183 184 192 194 195 196 196 197 198 198 199 200 202 203 204 205 208 208 215 217 221 222 222 225 225 227 227 229 232 233 234 235 236 237 237 240 240 240 242 242 244 245 247 248 250 250 255 255 256 257 258 259 259 260 261 261 262 263 264 264 265 266 269 270 270 271 271 272 276 276 278 278 279 281 285 285 286 287 288 291 293 295 300 301 301 302 302 302 303 305 306 308 309 310 310 311 315 315 316 319 319 320 323 323 324 328 329 333 335 337 337 337 341 342 342 342 344 345 345 345 346 351 352 353 355 356 359 359 360 361 361 361 363 364 367 368 368 369 370 373 373 373 377 379 379 380 381 382 383 384 386 388 388 389 390 390 391 392 393 394 394 395 395 398 399 402 403 403 403 404 404 405 405 405 407 407 410 410 410 411 411 413 415 416 417 418 419 419 421 423 425 426 427 427 428 428 428 428 429 431 431 433 434 434 437 437 438 440 442 443 444 445 445 450 450 452 453 453 454 454 455 456 457 458 459 459 463 463 464 464 465 465 466 467 469 472 476 476 478 478 478 481 484 486 488 492 492 492 493 495 497 498 500 502 503 503 503 508 508 509 509 510 511 511 513 515 516 519 519 522 523 524 525 532 533 533 534 534 538 541 542 543 545 546 546 547 547 547 547 548 550 551 551 552 555 556 559 560 560 560 563 564 565 565 567 568 571 571 572 576 577 577 577 578 579 580 580 590 591 592 594 596 596 597 597 597 597 598 599 605 610 610 612 612 613 614 615 617 618 618 620 621 622 627 628 629 631 635 638 641 645 645 645 648 648 651 653 654 655 656 658 659 660 661 662 668 668 669 670 671 671 672 672 672 673 676 676 677 677 679 679 683 688 690 690 691 693 693 694 696 696 696 698 699 700 700 701 709 711 713 715 717 717 717 719 719 719 720 722 722 723 724 727 729 729 730 733 734 735 735 739 744 745 745 745 746 747 748 748 752 752 753 758 759 763 764 766 767 769 770 771 771 772 773 776 777 777 779 780 781 782 783 784 786 787 789 789 790 790 791 791 795 795 795 796 797 797 798 798 799 801 803 806 809 809 811 811 813 821 824 824 826 827 829 829 831 831 832 832 833 833 834 839 839 841 841 843 845 847 852 852 854 855 855 856 859 860 861 863 863 865 871 871 873 874 877 878 878 883 883 883 887 889 892 896 896 896 897 900 901 901 904 905 905 906 907 912 915 916 918 918 918 920 921 921 925 925 926 926 928 930 930 931 931 932 932 932 933 933 933 934 937 941 941 941 942 944 944 945 947 947 948 950 952 953 954 957 959 959 960 962 963 963 965 965 966 966 970 970 973 975 977 977 978 979 981 981 982 982 983 984 986 987 988 989 990 991 994 994 995 995 996 997
0 0 2 3 4 4 6 6 7 9 10 11 11 12 12 13 14 14 14 18 25 26 26 27 31 31 34 34 34 35 35 36 36 36 39 40 40 40 41 41 43 45 46 47 47 48 49 54 54 55 56 57 59 59 61 62 62 63 63 66 67 67 68 69 70 70 72 73 73 73 75 77 77 78 79 80 81 85 86 86 89 89 90 92 93 94 94 96 96 96 98 100 100 102 102 103 105 105 108 108 108 111 112 113 113 113 116 117 119 121 122 125 125 128 129 130 133 136 138 138 138 139 141 141 143 143 144 146 147 148 150 150 154 154 154 155 157 158 158 159 159 161 162 163 163 164 164 165 166 169 170 170 171 172 173 174 175 175 178 179 181 182 185 185 188 189 190 192 192 193 194 194 195 195 198 198 199 200 200 200 201 202 203 203 204 204 204 206 206 207 209 210 210 211 212 213 213 214 218 219 221 221 222 222 222 223 223 226 226 231 231 232 232 233 233 233 234 234 235 237 237 238 241 241 242 242 243 243 244 244 245 246 247 248 249 250 251 251 251 252 253 255 255 255 256 258 258 261 262 263 264 264 265 268 270 270 271 272 273 276 276 278 278 279 279 281 281 282 282 282 286 286 287 289 290 291 291 292 292 292 292 293 293 295 296 299 300 300 301 301 303 304 305 307 308 310 312 312 312 313 313 314 314 315 316 318 318 319 321 322 323 327 328 329 329 332 333 334 334 337 337 338 339 341 342 342 343 344 344 346 347 348 350 350 351 351 352 353 354 354 354 356 357 359 360 360 361 361 362 363 364 365 368 368 370 370 370 370 374 374 375 376 376 378 381 382 382 383 384 384 385 387 387 388 390 393 394 395 395 396 397 399 402 402 403 404 404 405 405 406 406 406 407 407 409 410 410 411 411 412 412 412 413 413 413 413 414 417 418 418 419 420 421 421 422 423 423 424 427 427 427 427 428 428 430 431 431 432 434 435 436 436 437 438 439 439 440 441 441 441 445 447 447 448 448 448 449 449 449 450 451 454 457 457 457 458 459 460 460 462 463 464 464 468 471 471 471 471 473 474 474 475 476 476 477 477 480 481 482 483 484 485 486 486 489 491 491 491 492 492 497 500 501 502 503 503 506 508 508 511 512 515 516 518 518 519 520 520 521 521 523 523 524 524 525 525 526 528 529 530 531 532 532 533 533 533 535 536 536 537 538 540 541 544 547 550 550 550 552 557 558 559 560 561 562 566 567 569 570 570 571 572 572 576 577 577 577 578 578 581 582 583 584 586 586 588 590 590 592 594 594 595 596 596 599 600 601 602 602 608 609 613 615 615 617 617 618 618 619 620 620 621 621 623 625 627 630 632 635 638 638 638 639 640 641 642 643 643 644 644 645 646 647 650 652 653 654 654 656 658 661 662 663 663 664 667 668 669 670 670 671 672 672 672 674 675 676 677 679 680 680 681 683 684 687 687 687 688 688 689 689 689 690 691 692 692 692 694 695 696 696 696 697 698 699 699 701 702 703 703 703 704 704 705 708 711 712 714 715 719 720 720 721 722 723 723 726 729 730 730 730 730 731 731 731 738 738 739 740 742 743 746 746 747 748 750 750 751 751 751 752 755 755 758 758 759 759 759 760 760 762 764 765 765 766 766 766 766 766 766 767 768 769 769 770 772 774 776 776 777 777 777 778 778 779 779 780 780 780 780 781 782 782 782 783 783 783 783 785 787 788 790 790 792 792 793 794 795 795 797 797 797 799 800 802 803 803 803 804 805 805 807 808 809 809 809 810 812 812 812 813 813 813 814 814 816 817 818 821 823 823 823 824 825 826 828 828 828 828 829 829 831 832 834 834 836 836 840 841 841 841 842 843 844 845 849 852 853 855 856 858 861 863 868 871 875 876 877 878 879 881 881 882 886 887 887 887 888 890 891 892 892 892 893 898 898 899 901 901 902 902 902 903 903 904 905 905 905 906 907 909 910 910 910 910 911 912 913 914 915 916 917 918 918 919 919 919 920 921 922 923 925 925 926 927 929 930 931 931 931 932 934 934 934 940 942 942 942 943 947 948 949 950 950 951 956 956 958 960 961 962 962 963 964 964 964 965 965 966 966 967 968 968 968 970 970 971 973 973 974 978 978 978 980 981 981 982 982 983 983 984 985 986 987 990 992 994 995 996 998 999 999
2 2 3 4 5 5 6 7 8 10 11 11 12 13 13 13 14 16 20 20 22 22 23 24 25 26 29 29 30 30 33 34 37 37 37 37 38 40 41 43 43 46 47 47 48 50 50 52 53 56 56 57 58 59 59 59 61 61 62 62 63 65 66 67 68 69 70 71 73 74 77 77 77 78 79 79 80 80 83 83 84 85 88 91 91 96 98 99 101 102 104 104 104 107 108 108 108 109 109 111 111 112 117 118 118 118 118 120 120 120 120 124 126 127 127 127 130 131 132 133 134 136 137 138 138 140 140 141 141 142 143 144 145 145 146 146 147 148 150 151 151 153 153 155 157 157 160 160 160 160 161 165 165 165 166 167 167 168 169 171 171 172 172 172 173 174 174 177 178 179 181 181 181 183 183 185 185 188 189 192 193 194 195 197 197 197 197 199 200 201 202 204 204 204 204 206 206 207 208 208 209 211 212 214 215 215 216 218 218 219 219 220 225 228 229 230 231 231 232 233 234 234 235 236 236 238 240 242 243 244 244 245 248 250 251 254 257 258 259 261 262 264 264 265 265 268 269 269 269 270 270 272 273 273 274 275 276 277 277 278 279 282 282 282 282 284 284 286 287 289 289 293 293 294 294 294 295 296 296 297 297 298 299 302 304 306 306 307 307 310 311 311 312 314 314 315 316 316 318 319 321 322 322 323 325 327 328 329 333 335 335 335 336 337 338 339 340 342 344 344 346 346 347 350 351 352 356 358 360 361 361 362 363 364 365 365 366 367 371 371 373 375 375 375 376 377 378 378 381 381 382 383 385 387 391 393 394 394 394 398 398 400 400 400 401 401 401 401 401 401 403 404 404 405 405 408 409 409 411 411 411 412 412 412 412 414 415 415 416 416 418 419 420 421 421 422 424 424 425 427 427 430 430 431 433 435 436 436 441 441 442 443 449 449 450 450 455 455 455 456 456 456 457 457 463 464 466 469 470 471 472 473 473 479 479 479 481 481 481 481 482 484 485 485 485 487 487 488 489 490 491 491 491 493 493 493 494 495 495 498 498 499 500 500 500 501 502 503 504 506 509 511 513 513 514 514 515 515 516 517 519 519 519 520 522 523 523 523 523 524 526 526 529 529 531 532 533 534 534 535 535 536 536 537 537 538 539 539 539 540 541 542 543 544 544 544 545 546 546 548 548 548 548 549 551 552 553 554 556 557 558 558 562 563 563 564 564 568 569 569 570 571 575 575 577 578 578 578 580 581 583 585 585 586 587 588 590 590 590 590 593 595 595 596 596 599 601 601 603 604 604 605 605 606 606 607 609 611 612 613 615 617 618 619 621 623 623 623 626 628 630 631 633 633 633 633 634 634 636 637 638 640 641 641 643 644 644 645 645 645 647 647 647 647 647 648 648 649 651 652 654 654 655 656 657 658 659 660 660 660 663 664 664 664 666 666 667 667 669 670 670 671 673 674 675 677 677 677 680 680 685 685 686 687 687 690 692 693 694 695 696 697 698 698 698 699 699 701 702 702 702 706 707 707 711 713 714 715 717 718 718 719 720 721 722 722 722 722 724 725 729 730 731 733 734 734 737 739 747 747 748 749 752 753 755 756 757 760 761 762 762 762 765 765 765 766 768 769 773 773 776 776 778 778 779 780 780 781 782 783 783 783 783 784 785 787 788 794 795 796 798 799 800 800 802 802 802 805 805 806 808 808 809 810 810 810 811 814 814 814 815 816 817 820 821 821 824 824 826 826 827 827 829 831 831 832 833 835 835 835 836 836 836 838 841 841 841 841 842 844 844 845 845 845 846 847 848 849 850 851 851 852 852 853 854 855 855 856 856 856 856 857 858 860 862 864 867 869 870 872 873 876 877 878 879 879 879 882 882 884 885 885 886 886 887 891 894 895 896 897 899 899 901 903 903 904 904 904 906 907 908 908 908 909 911 911 912 914 915 915 916 917 919 920 920 922 924 925 926 926 927 928 928 934 934 936 937 938 939 939 941 941 942 943 944 945 945 945 947 948 948 948 952 952 953 954 955 955 956 957 957 958 959 960 961 963 963 964 964 965 966 966 967 968 969 971 974 975 976 977 977 977 978 980 980 981 981 981 982 983 985 986 986 988 989 989 989 991 992 992 993 994 995 995 998 999 999 999
1 2 3 3 6 6 6 6 7 10 11 12 19 23 24 25 26 30 31 31 32 33 34 38 39 40 42 43 44 44 47 49 49 50 51 51 52 53 55 56 57 58 59 60 60 63 63 64 65 66 68 72 72 73 73 74 75 80 82 83 84 84 87 87 87 87 94 95 97 100 101 105 106 112 112 113 114 114 116 116 122 122 123 124 125 125 127 127 129 130 130 130 131 131 132 133 135 135 136 137 138 139 139 140 140 141 143 143 146 147 147 148 148 149 151 152 153 153 154 154 156 158 159 161 163 165 167 167 168 174 174 174 175 176 178 179 179 179 180 180 182 184 187 191 193 195 195 195 198 199 199 200 205 205 205 207 207 211 211 211 211 211 212 214 217 218 218 218 220 220 225 226 226 227 227 232 233 234 235 235 236 239 240 242 242 243 244 248 248 249 252 256 257 258 259 263 267 267 267 268 268 269 269 271 273 273 274 277 280 280 281 283 284 285 286 287 289 289 290 290 291 291 292 294 301 302 302 303 307 307 307 309 310 310 314 316 317 321 322 323 327 327 330 330 331 332 332 334 335 337 339 344 344 347 352 355 356 356 358 359 359 359 360 361 361 362 362 364 364 365 365 367 368 370 373 373 373 374 375 375 376 377 378 378 382 382 382 382 382 383 386 388 392 392 393 395 397 399 399 401 403 403 404 404 405 406 409 410 411 416 416 416 416 417 418 420 423 428 429 430 430 431 432 434 435 437 440 444 444 449 450 452 454 455 457 460 460 462 462 463 463 465 466 467 467 469 469 470 470 470 473 476 478 479 479 482 483 483 484 485 486 487 487 488 489 490 490 496 497 498 498 499 502 503 507 507 507 509 512 512 512 514 515 517 517 520 521 522 523 524 525 525 526 528 529 529 530 531 532 535 536 536 537 537 538 539 539 540 540 540 542 542 543 551 554 555 555 557 558 558 559 560 563 563 565 567 569 570 572 572 573 573 574 577 578 579 580 582 583 585 587 587 587 588 588 589 590 590 590 591 591 592 592 592 592 594 596 597 600 600 602 603 603 607 609 612 614 614 615 618 621 622 622 622 623 623 624 624 625 625 625 626 626 626 626 628 630 631 634 635 640 641 645 646 648 648 649 651 651 652 653 653 654 654 656 656 658 661 663 664 664 665 667 668 669 670 674 676 676 677 678 679 681 681 682 682 684 684 685 686 688 689 691 694 697 697 703 704 704 705 706 707 708 709 710 710 714 715 715 717 717 719 719 720 721 721 723 726 726 726 726 727 729 730 731 731 732 732 735 737 738 743 744 744 745 745 745 746 747 752 752 752 753 754 754 755 755 756 756 756 760 760 760 762 762 764 764 764 767 767 768 768 771 771 773 774 774 774 775 778 778 778 779 780 784 784 785 785 786 788 789 792 792 793 793 795 795 796 800 801 801 804 807 807 807 809 811 812 814 814 817 817 817 821 823 824 825 826 827 829 830 830 830 830 830 834 834 834 838 839 839 843 845 852 852 853 854 854 855 857 858 860 862 862 865 867 867 870 871 875 876 876 876 879 879 883 886 888 891 892 893 894 895 896 897 897 900 900 903 905 907 907 910 912 912 913 915 916 920 921 923 923 924 924 929 930 931 931 931 931 931 932 933 934 934 935 935 936 937 937 940 941 943 944 947 948 948 949 953 958 959 959 960 965 966 967 967 967 970 973 974 974 978 978 982 982 983 986 987 987 988 988 990 991 992 993 995 996 998
1 2 3 6 6 6 8 10 11 15 15 16 18 18 19 21 21 25 27 28 29 29 29 30 31 31 31 32 33 33 33 33 38 39 40 42 44 47 48 50 52 56 56 57 59 67 68 68 68 69 72 72 72 73 76 77 78 80 82 83 83 84 84 84 84 84 87 87 88 89 91 91 91 92 95 101 101 104 106 108 108 111 114 116 116 117 118 119 121 122 123 125 127 129 129 129 129 130 131 131 134 134 134 134 134 135 137 137 137 138 139 140 140 144 145 146 148 148 149 150 151 151 152 154 157 162 162 163 164 165 165 168 169 169 172 174 175 175 176 177 178 180 180 181 181 181 181 182 184 186 187 187 187 188 189 191 193 193 194 196 197 198 199 200 205 206 207 207 208 211 212 218 220 222 228 228 230 231 232 236 238 240 240 241 241 247 247 247 249 250 251 254 256 257 258 259 259 260 261 263 263 264 265 266 268 270 271 271 271 276 277 277 278 278 279 281 282 282 286 289 291 295 296 299 299 300 300 301 302 304 306 306 307 308 308 309 310 310 310 311 312 312 313 313 314 315 316 317 317 318 319 320 322 323 323 325 325 325 326 327 327 328 330 331 332 334 335 336 337 338 339 341 342 342 342 344 344 345 345 346 346 348 348 349 353 354 354 354 356 357 359 359 360 360 363 363 364 365 365 366 367 367 371 372 374 375 375 376 377 378 382 384 387 389 390 391 392 394 395 396 396 397 397 400 400 402 403 403 404 404 407 409 410 411 413 415 415 415 418 421 421 422 423 425 426 426 427 429 429 430 430 432 432 434 434 436 437 443 443 443 444 446 446 446 448 448 449 450 451 451 451 452 453 454 455 456 456 456 458 460 462 463 463 463 464 464 464 465 465 465 467 469 470 471 472 472 474 474 476 476 476 478 480 480 482 482 484 484 487 488 489 490 492 492 495 499 500 505 505 507 507 507 508 508 508 508 510 511 512 512 515 515 516 516 517 517 519 521 522 522 523 523 524 524 527 528 528 528 528 528 529 529 529 533 533 534 535 535 536 538 538 539 540 542 543 546 551 554 554 554 556 556 556 557 557 560 561 563 565 565 567 568 568 570 572 576 576 578 579 580 581 584 584 585 588 588 589 590 590 590 592 593 594 595 596 599 601 602 602 602 602 603 604 604 605 608 608 611 611 612 613 614 614 614 614 618 622 623 626 626 626 626 626 628 628 629 629 629 629 629 629 632 633 634 634 635 635 639 639 644 646 648 649 650 650 652 652 654 659 661 661 662 665 667 667 669 672 673 675 677 680 680 681 681 681 681 681 682 684 684 684 685 689 692 693 695 698 699 700 700 700 700 701 702 702 704 704 706 708 708 710 711 712 712 714 714 715 715 716 718 720 722 722 723 723 723 724 725 725 726 729 730 730 731 731 731 731 732 734 735 737 739 739 741 742 742 743 743 751 755 755 755 756 756 756 757 757 758 759 762 764 765 766 767 772 772 775 777 777 780 781 781 782 782 784 785 786 787 788 789 789 791 791 791 792 794 795 795 797 797 799 804 804 805 807 807 808 810 812 812 812 812 813 814 817 817 821 822 823 823 825 826 826 828 828 829 829 830 831 834 834 836 839 839 839 840 840 841 844 845 845 846 847 849 852 853 856 856 857 857 860 862 862 864 865 865 867 869 869 871 872 874 875 876 879 879 880 881 881 882 882 883 888 888 889 889 891 892 894 894 895 895 897 897 898 899 899 899 899 899 900 901 901 902 903 904 907 907 909 909 909 914 916 919 919 920 920 923 923 924 925 925 927 930 931 932 932 934 934 935 938 952 953 955 959 961 963 966 969 970 972 972 973 974 977 977 982 984 985 986 986 990 990 993 993 993 995 995 996 998 998
0 0 1 3 4 7 7 9 9 10 11 11 12 14 15 15 16 17 18 19 20 21 21 25 25 26 29 29 31 32 33 34 37 37 38 38 41 42 42 44 44 44 44 46 47 47 48 48 50 51 52 52 53 53 53 55 55 57 57 59 65 68 68 71 72 73 74 76 78 78 79 82 86 88 90 91 92 93 95 96 97 100 102 102 103 103 104 104 104 104 105 106 106 114 116 116 117 119 121 121 125 125 125 126 128 128 129 129 129 131 131 132 134 135 135 138 140 141 142 143 143 145 145 147 147 147 148 148 152 154 155 157 157 157 166 168 170 172 175 176 176 176 176 180 181 183 184 185 185 189 189 190 190 190 193 193 196 198 199 200 201 202 203 204 204 204 207 207 209 210 210 213 218 220 222 224 225 227 228 231 234 236 238 238 239 240 241 242 243 243 246 246 247 249 249 252 253 257 258 259 260 262 262 264 264 264 266 266 266 267 268 268 268 270 270 274 274 275 275 277 277 278 279 280 283 286 288 293 297 298 298 299 299 300 301 302 304 304 305 306 307 310 312 314 315 315 317 318 318 318 319 320 321 321 322 325 326 326 327 327 329 329 329 331 332 332 333 333 334 335 340 340 341 341 342 344 347 349 350 352 352 352 353 353 355 355 356 356 359 359 360 361 361 364 365 366 366 366 367 368 369 369 370 371 371 373 373 373 374 375 375 375 380 381 383 387 387 388 394 395 397 399 400 400 401 402 403 406 407 407 409 412 412 414 415 418 419 419 422 423 426 429 429 431 431 432 432 434 434 435 435 437 437 438 438 438 439 439 441 442 445 447 448 450 451 454 454 454 458 458 459 460 460 462 463 465 466 467 470 470 470 473 474 475 476 478 480 482 483 485 486 486 486 489 490 491 491 493 493 494 495 496 498 499 500 501 502 503 504 504 511 512 513 515 519 519 520 523 526 528 530 530 531 533 534 534 535 536 537 537 540 540 542 543 543 543 544 544 545 545 545 548 549 551 551 551 552 553 557 559 559 559 561 564 564 564 569 571 572 572 572 573 574 575 575 577 578 580 580 582 584 585 585 585 586 587 588 589 590 591 594 594 596 597 598 599 600 603 603 603 608 608 608 609 609 611 611 611 615 619 620 625 628 628 629 634 635 638 640 641 642 642 642 644 644 645 648 648 649 650 651 651 655 655 655 656 657 660 661 661 662 662 662 663 665 665 666 667 668 668 670 672 673 673 673 675 676 677 679 681 684 685 685 685 686 689 691 692 692 694 696 697 700 701 701 701 702 702 706 707 708 709 710 712 712 713 714 714 716 716 719 722 724 724 727 727 729 730 731 733 734 734 736 736 737 738 739 739 739 740 743 744 745 745 745 746 748 749 750 752 757 758 763 765 767 768 768 769 770 770 771 772 773 773 773 776 778 781 782 782 782 783 783 785 787 789 790 792 793 793 795 796 797 798 799 800 801 802 802 806 807 807 808 808 808 811 812 812 813 813 815 815 817 818 819 822 823 830 831 832 832 835 839 840 840 841 842 842 844 849 853 854 857 857 860 862 862 863 863 863 864 864 864 865 866 866 866 866 867 870 870 871 873 873 874 874 875 875 875 876 877 878 879 879 879 879 880 880 880 883 883 884 884 888 890 891 892 893 894 896 896 898 901 901 903 904 905 905 907 911 912 913 914 915 921 922 925 926 928 929 930 932 933 934 935 935 936 937 937 939 939 941 942 943 944 944 947 947 949 950 951 955 956 956 956 961 963 964 965 966 966 966 967 968 968 971 974 974 975 975 977 984 985 986 989 989 991 993 994 995 996 997 997 997 998 1000 1000
1 1 2 3 4 4 4 5 6 6 11 12 13 13 15 15 16 16 16 17 18 18 19 20 20 21 23 26 30 32 35 37 37 37 38 40 43 44 46 46 47 48 50 50 51 54 54 56 56 57 59 60 60 61 62 63 65 67 70 71 71 73 73 74 75 75 76 78 79 81 81 84 84 84 85 85 86 86 87 88 88 88 91 91 96 96 97 97 98 99 100 100 102 102 102 103 104 105 106 109 111 113 115 118 118 119 121 122 122 123 123 124 127 128 129 129 129 129 130 130 130 131 133 133 133 136 136 137 138 138 138 139 140 140 140 141 141 142 148 148 148 148 149 149 150 150 151 154 154 156 156 158 159 159 160 161 161 161 161 162 164 165 166 172 173 173 173 175 177 177 179 179 180 181 182 182 183 184 186 187 187 189 189 191 191 194 195 195 197 200 200 203 207 208 209 210 211 212 212 213 214 214 218 218 220 220 222 223 223 224 225 225 225 225 225 227 228 229 230 231 233 237 237 238 238 242 242 242 243 244 245 245 247 252 252 253 253 255 257 260 260 262 262 265 267 267 267 268 269 270 273 275 276 277 278 279 279 280 282 282 284 284 284 285 287 288 290 291 292 293 293 293 297 299 299 300 301 302 303 304 304 305 306 309 310 311 311 312 315 319 320 322 323 325 325 327 327 334 335 336 337 339 339 342 344 346 346 347 348 350 350 350 352 353 354 354 355 355 356 356 357 359 361 362 362 364 370 372 372 374 374 375 377 380 382 382 382 383 384 384 385 388 388 388 389 389 390 391 392 392 395 395 395 396 396 397 401 401 402 405 406 407 408 408 411 411 412 413 413 415 416 418 418 419 422 422 423 424 424 425 426 428 430 431 435 436 437 438 438 438 439 439 440 440 442 444 445 445 447 447 448 452 452 453 454 455 456 458 458 459 460 460 461 461 462 462 464 466 466 467 468 469 470 470 471 471 471 474 476 477 479 480 482 483 483 484 489 489 489 493 494 494 495 495 496 497 497 497 499 499 499 500 501 506 507 507 508 508 509 509 512 513 513 514 517 518 518 519 519 521 521 521 521 522 525 526 527 531 531 534 535 535 535 538 539 540 540 542 543 544 544 545 545 545 546 549 550 552 553 555 555 556 556 561 561 564 565 567 568 569 570 571 571 573 573 574 577 579 580 582 584 585 585 585 585 585 586 587 588 589 590 591 592 594 596 596 596 599 600 601 603 604 604 607 609 610 610 611 611 612 612 613 616 618 618 619 621 622 622 623 624 629 630 630 631 631 631 632 632 634 635 636 636 637 638 639 641 641 643 644 644 644 644 645 647 650 651 654 656 658 658 658 658 658 660 661 662 666 666 666 666 667 668 670 671 672 673 674 676 676 677 679 680 684 684 685 685 686 688 690 692 693 696 698 698 699 699 702 703 704 706 708 710 711 711 711 711 711 712 713 713 715 715 715 716 717 718 719 719 719 720 721 721 722 722 723 724 724 724 727 730 731 735 735 736 739 739 740 740 741 743 743 744 745 746 747 747 747 751 751 752 756 756 757 757 757 763 763 764 764 765 766 768 769 770 770 771 771 772 772 774 778 778 778 779 781 784 785 785 787 788 790 790 791 795 796 797 797 798 799 799 799 800 800 800 800 801 801 802 806 807 807 807 808 808 811 812 814 814 814 814 818 818 819 819 820 820 820 821 822 826 827 828 830 831 832 833 833 835 836 836 837 837 840 841 843 846 847 848 849 850 851 851 851 853 854 855 856 856 856 857 857 857 858 858 858 859 860 860 861 862 863 867 868 868 869 869 871 872 873 873 873 874 876 877 882 887 887 888 889 890 892 893 893 894 895 897 897 901 904 906 907 907 907 908 908 908 909 910 911 911 911 912 913 913 913 915 915 916 917 919 919 919 921 922 924 926 926 927 928 928 928 929 929 932 934 935 937 939 941 942 943 943 946 947 948 949 949 950 951 951 953 954 955 958 958 958 960 961 962 964 967 968 968 970 971 972 974 974 974 975 975 976 976 976 977 977 977 977 981 982 983 984 984 985 985 987 988 989 989 989 992 994 994 995 996 997 998 1000 1000