100
9
558 660 515 15 31 595 164 469 813 
19
909 794 249 37 977 293 534 125 685 617 960 936 262 510 655 216 568 603 228 
5
510 97 440 522 369 
11
793 193 299 319 271 280 345 960 580 323 60 
11
12 398 9 927 852 375 914 626 554 475 624 
3
960 944 896 
9
482 394 851 786 941 0 91 199 509 
14
983 391 111 166 254 508 614 588 767 353 99 481 167 227 
12
38 622 908 941 720 301 693 91 355 404 62 498 
18
848 354 991 559 502 578 839 546 794 679 190 214 256 891 629 280 605 375 
9
500 54 856 282 9 433 437 5 563 
7
908 424 883 840 514 736 641 
3
914 478 465 
16
676 642 616 972 445 912 963 559 34 898 412 266 407 523 306 787 
7
93 6 166 552 901 707 151 
12
276 798 755 776 944 463 683 814 810 98 907 812 
3
659 905 509 
12
652 847 256 65 823 738 17 97 126 57 484 695 
3
280 677 282 
11
899 268 601 9 758 981 721 12 869 748 199 
18
365 275 164 112 694 502 588 832 636 316 968 498 116 290 534 976 976 904 
6
609 390 272 700 310 365 
13
337 57 598 39 337 45 926 615 300 818 753 719 661 
11
735 567 897 778 350 313 701 286 981 957 384 
14
904 94 885 517 328 598 627 537 109 480 322 409 866 590 
18
333 363 768 167 726 849 764 296 919 321 873 189 695 586 45 517 585 199 
5
6 312 777 631 730 
20
784 123 207 911 957 388 769 465 22 997 312 360 362 555 303 518 508 771 309 622 
15
134 551 111 607 14 684 799 672 74 866 334 886 956 445 302 
19
999 128 442 333 224 428 903 724 349 123 353 913 597 448 792 868 453 1000 748 
11
697 189 160 128 255 93 104 510 790 716 283 
6
882 978 203 326 836 187 
18
562 257 157 827 344 581 922 861 346 240 96 184 979 931 519 244 315 551 
12
28 188 347 254 618 96 161 662 793 157 400 82 
12
691 440 804 266 955 220 44 217 175 812 112 216 
6
969 644 976 594 317 681 
15
420 621 150 784 781 772 742 941 461 639 515 133 887 113 817 
5
463 129 861 268 831 
19
424 853 856 433 740 436 947 794 814 51 647 721 751 520 620 263 404 304 586 
12
724 785 845 151 740 925 782 23 953 748 486 428 
44
883 545 964 912 754 541 327 477 20 44 460 263 886 766 20 513 13 445 512 623 669 69 535 565 583 333 266 781 26 505 958 839 739 799 485 898 616 19 941 723 739 847 559 212 
23
94 868 281 197 753 256 361 500 472 881 232 401 475 899 385 825 557 508 389 717 936 831 795 
46
773 831 69 274 927 225 96 621 785 173 920 949 718 536 528 903 399 793 869 415 615 11 39 166 580 129 986 780 206 955 854 935 799 842 944 8 781 105 897 669 333 75 716 187 163 854 
30
923 898 485 699 742 746 672 766 784 839 919 875 31 677 700 279 469 900 800 515 606 806 331 8 892 516 874 102 374 355 
44
905 786 720 407 315 781 420 604 353 547 905 53 347 552 34 929 976 863 55 197 140 607 412 896 931 310 269 8 717 330 187 9 418 395 739 499 274 821 895 749 316 427 315 992 
39
700 959 235 17 541 864 25 162 257 55 684 690 489 266 583 405 965 553 803 593 537 323 445 37 410 22 167 786 657 786 211 123 468 914 489 52 396 600 349 
44
297 710 224 639 448 877 34 839 707 512 56 267 600 968 328 222 754 667 219 773 157 216 697 51 991 240 990 888 769 494 293 759 306 602 757 577 91 168 556 877 117 520 504 820 
21
691 360 593 914 568 520 286 853 733 696 729 322 186 868 965 106 574 598 999 895 19 
25
343 29 671 358 802 722 814 841 347 271 739 994 286 574 646 767 585 755 204 793 418 627 721 684 623 
27
351 528 313 562 652 416 37 102 602 394 753 955 491 104 454 735 976 621 466 976 747 516 387 291 84 770 364 
46
243 418 20 784 3 887 411 579 484 121 705 830 191 886 534 75 569 655 57 91 131 678 343 724 907 934 270 403 625 158 292 866 467 454 824 860 258 232 31 758 835 624 438 644 443 252 
46
837 394 321 246 999 853 541 222 645 813 521 784 162 783 741 761 762 734 634 800 69 676 411 605 167 399 46 711 117 367 540 198 230 337 532 746 945 512 616 659 633 418 32 863 36 801 
37
47 226 162 223 608 556 748 308 190 5 677 303 729 692 13 830 912 148 20 867 688 995 256 0 234 426 57 640 72 458 550 201 846 59 720 653 812 
34
996 843 819 889 791 816 921 739 173 88 567 923 641 741 770 848 990 439 987 224 830 577 845 618 755 386 99 389 687 43 265 764 757 743 
42
395 584 99 574 118 43 773 572 601 511 881 642 59 638 553 768 96 586 541 70 69 225 969 193 478 586 402 770 722 366 168 824 963 596 518 833 576 8 222 454 665 140 
25
107 328 752 238 325 756 628 853 405 785 227 656 201 478 253 177 562 485 306 706 822 910 705 759 810 
29
430 196 522 589 526 865 468 46 757 744 700 197 278 795 42 168 246 156 735 83 29 687 32 922 753 260 208 320 371 
25
908 602 376 935 731 72 487 170 914 18 30 386 66 522 66 691 683 190 237 791 419 2 358 597 888 
48
680 141 643 571 948 794 600 402 416 549 707 738 664 678 158 242 477 484 403 233 762 120 651 597 269 23 469 442 134 543 642 809 988 192 382 533 531 787 117 821 878 782 421 690 547 426 480 492 
27
376 656 560 516 994 638 546 503 81 749 453 970 216 747 845 670 721 778 665 82 764 170 832 238 772 116 423
197
79 714 88 460 922 515 856 642 528 932 867 578 552 254 291 66 506 25 878 539 230 118 703 503 826 656 82 241 824 331 576 905 935 863 440 497 585 25 923 274 996 818 658 584 476 519 673 506 552 235 950 44 947 416 554 497 411 451 374 171 810 99 800 195 747 204 970 607 209 791 683 286 587 885 304 109 220 729 739 860 755 963 600 514 405 219 657 629 158 848 105 604 522 867 307 266 737 512 440 74 876 658 100 432 879 87 958 45 413 761 124 284 458 297 753 808 202 787 844 606 802 371 893 296 774 587 128 409 714 158 307 773 4 972 544 617 798 925 766 901 798 227 743 85 574 332 178 128 214 725 423 121 749 435 529 189 797 482 894 434 806 914 152 518 239 192 605 156 54 95 969 113 448 443 863 551 839 675 370 381 242 574 863 562 629 900 389 458 532 721 646 149 276 841 612 186 749 
254
540 16 650 882 561 193 735 786 809 248 608 882 449 380 615 579 944 593 920 65 900 65 962 600 1 556 792 664 245 609 677 343 236 669 741 521 778 146 416 893 659 678 250 978 910 24 333 471 406 101 216 679 312 128 227 209 331 200 590 795 219 313 571 409 611 39 597 344 904 82 295 128 279 484 466 356 919 655 272 262 140 767 958 159 454 207 6 688 495 980 216 674 183 258 90 547 347 393 253 338 975 175 608 248 383 903 593 617 944 235 791 773 631 937 623 932 180 605 12 221 522 807 416 337 0 199 553 519 940 281 984 0 660 860 410 69 405 988 829 184 966 929 160 636 693 837 969 630 502 574 729 984 245 554 975 582 991 47 127 233 85 363 451 432 175 679 250 13 293 416 715 701 259 433 561 703 61 466 184 368 407 617 412 853 74 13 870 521 548 477 29 485 666 641 938 457 881 933 182 151 375 955 607 867 525 399 330 167 937 300 835 166 276 302 682 136 113 298 571 36 432 843 480 168 847 609 440 345 981 718 543 121 318 260 315 239 534 305 975 772 497 616 297 560 467 938 484 419 383 981 788 186 938 715 
254
275 647 999 358 10 136 22 512 275 725 505 223 835 281 571 215 238 460 971 603 488 515 595 296 847 22 250 789 337 406 39 75 994 803 205 987 180 503 54 390 398 124 872 565 390 501 682 893 613 452 27 402 211 236 278 369 995 795 728 883 331 62 660 552 634 117 420 277 455 497 435 271 576 531 488 15 834 695 597 896 184 68 912 528 616 374 398 2 371 740 327 287 761 342 236 583 934 571 726 926 64 242 219 817 344 131 967 53 780 156 213 1 399 892 268 620 516 974 527 628 787 539 357 0 382 763 91 584 19 289 560 646 614 633 570 861 121 676 326 125 609 652 477 945 43 50 840 551 680 660 96 542 151 412 222 592 177 710 884 285 810 263 276 879 645 625 743 204 22 366 790 471 828 246 543 315 928 918 566 283 341 834 728 390 737 841 317 694 807 948 625 974 484 228 641 543 103 673 516 105 120 935 297 466 923 393 729 923 563 734 332 572 450 699 642 421 555 120 814 66 167 501 679 883 842 377 169 314 141 249 488 143 313 599 579 439 632 428 48 364 153 484 741 970 975 162 380 76 452 868 83 374 881 410 
196
18 372 630 61 939 488 815 555 599 760 792 513 19 291 835 747 163 912 531 167 668 518 139 434 629 600 243 544 762 276 790 784 374 747 289 506 415 258 314 93 492 521 183 135 945 60 562 350 910 547 903 689 128 563 899 583 72 331 313 157 754 882 991 356 781 279 65 948 351 974 196 894 987 974 256 431 643 521 508 952 295 912 84 85 516 600 261 113 550 992 270 984 28 541 305 248 15 231 956 616 214 299 214 134 96 79 851 741 695 261 893 422 939 587 193 505 860 309 47 48 479 301 338 302 794 833 816 13 562 926 467 136 878 603 345 981 363 75 273 106 155 167 911 400 632 846 632 384 800 39 76 290 152 275 64 428 513 39 311 493 649 633 727 674 447 175 207 885 775 42 123 558 128 169 527 437 480 962 822 670 898 687 682 275 549 502 580 249 609 793 90 924 175 429 564 893 
353
575 220 400 36 515 817 914 479 173 380 909 128 807 902 375 103 203 11 227 700 16 219 429 588 289 310 533 404 901 502 635 552 605 227 490 59 345 326 320 671 100 4 236 876 449 51 765 103 412 373 411 103 943 349 498 518 232 648 74 130 130 212 637 133 369 747 20 648 316 667 77 403 447 642 733 695 190 497 616 268 750 827 254 745 223 454 91 331 129 504 587 717 697 538 625 388 73 942 856 142 608 836 704 64 765 51 552 446 151 361 497 818 880 367 240 813 628 821 329 5 936 70 110 270 247 802 732 159 595 348 250 99 12 234 31 240 765 651 962 988 658 349 476 663 707 205 122 725 178 398 446 334 959 552 223 228 897 154 709 605 236 279 319 652 413 809 97 484 485 839 182 267 550 716 755 621 387 543 800 382 787 156 516 350 817 755 331 912 180 964 679 390 49 781 482 621 928 323 319 534 685 934 5 228 671 942 974 345 361 20 765 497 472 425 128 879 233 438 395 42 396 323 573 622 840 131 255 471 705 404 860 549 903 117 807 671 530 368 61 171 935 935 193 668 351 669 404 416 138 441 781 181 404 130 80 361 796 625 366 190 823 84 180 158 699 702 601 328 442 576 601 992 881 320 42 106 553 168 931 263 102 808 385 699 310 23 718 707 802 100 974 759 106 95 538 533 227 100 691 298 268 394 498 363 167 470 776 707 428 417 227 144 744 69 660 835 993 712 87 245 596 450 797 863 171 511 850 124 666 568 167 758 71 207 563 681 776 313 115 37 718 80 523 299 465 426 379 319 913 271 795 25 490 
385
644 284 518 763 489 792 651 332 899 750 549 599 453 100 309 635 508 469 938 382 459 874 828 701 625 955 662 133 996 789 911 847 926 449 161 163 97 32 217 503 857 324 10 191 33 521 859 424 291 14 754 312 257 775 219 215 710 141 937 35 823 132 456 42 108 275 652 39 77 190 639 962 910 130 690 840 203 841 307 731 814 885 970 777 229 956 848 471 337 340 910 173 722 294 618 746 667 755 994 775 929 973 979 183 84 325 12 36 277 93 796 295 334 780 192 247 113 783 740 289 555 370 456 239 425 73 282 522 193 136 66 639 480 590 310 372 369 0 682 405 378 223 97 413 234 635 364 648 54 19 524 476 434 880 884 357 916 28 490 957 101 393 446 549 709 845 444 479 799 818 674 626 463 927 748 792 693 919 232 876 245 546 471 756 322 617 587 602 978 111 992 236 177 963 739 358 395 750 37 413 189 869 765 863 783 981 939 575 665 43 105 360 447 700 512 982 533 894 38 977 88 681 461 118 159 960 115 35 2 995 259 668 527 589 190 793 458 670 502 613 666 13 477 457 932 653 836 577 408 527 183 882 509 428 532 798 538 55 232 851 683 358 711 206 515 621 871 57 826 907 554 594 910 796 660 361 930 998 945 768 722 73 129 801 159 784 792 209 176 385 603 852 55 716 664 782 980 379 512 174 952 324 554 546 387 213 949 113 40 290 1000 351 116 894 923 786 693 39 575 64 912 791 933 805 327 400 424 962 976 577 38 415 546 855 342 975 345 49 276 952 283 299 315 773 292 185 704 866 937 672 311 913 344 944 726 294 452 655 949 147 366 979 449 793 816 400 415 977 28 75 647 453 877 821 763 951 700 691 225 907 243 768 567 763 522 
446
115 839 296 114 525 688 140 720 72 446 817 553 233 332 968 946 364 591 153 892 555 111 717 996 423 300 982 619 539 903 126 886 498 521 816 453 503 84 570 785 133 975 62 479 359 292 162 840 430 218 212 858 404 509 246 460 237 118 678 212 273 359 355 793 445 314 330 206 946 518 157 690 899 139 467 927 859 928 569 452 153 212 863 556 132 364 876 996 169 715 593 938 106 92 446 535 987 271 150 716 642 174 191 349 698 518 228 597 865 962 811 615 463 163 247 141 248 759 155 37 619 523 758 807 657 710 710 250 316 463 889 860 732 29 180 628 806 331 910 70 620 47 157 388 109 888 754 812 169 105 758 538 981 387 870 302 114 708 577 646 116 433 173 802 29 52 500 280 912 690 555 330 179 551 389 925 179 564 284 290 870 752 543 207 308 350 747 216 240 369 169 661 343 712 9 438 899 952 651 659 502 251 10 939 16 621 464 350 792 229 836 68 128 876 792 436 514 138 243 403 738 323 699 551 600 446 159 722 258 432 559 624 717 545 243 838 474 513 31 712 938 287 698 969 801 286 485 157 215 794 262 807 748 472 272 795 537 279 526 410 748 827 815 365 878 689 184 830 442 879 238 337 223 155 183 534 758 870 686 520 244 578 920 143 267 744 906 259 633 598 274 6 804 121 874 633 113 774 836 897 154 349 438 963 46 694 41 581 521 22 302 149 187 893 699 245 136 332 868 104 405 856 24 360 333 65 850 180 135 350 525 903 182 628 613 866 106 444 939 100 151 240 870 298 156 41 723 360 543 336 89 205 974 231 237 171 169 639 247 257 946 735 297 386 343 644 459 734 294 426 696 479 518 97 682 598 749 438 668 913 247 486 882 26 34 195 339 23 679 550 461 332 614 901 197 906 653 312 814 222 631 538 807 788 884 506 240 24 829 795 335 510 527 574 631 454 296 339 473 986 507 119 656 641 212 0 243 268 807 54 239 586 502 797 0 895 467 87 123 530 479 901 481 851 943 198 
113
990 168 459 706 374 51 760 350 69 453 4 598 283 950 105 344 482 706 753 620 441 708 54 647 422 719 395 912 253 94 213 115 715 230 170 559 908 42 801 949 523 523 541 164 224 4 836 610 99 530 420 328 943 527 829 68 387 274 339 558 353 709 546 699 181 175 775 939 399 330 907 494 86 699 725 610 525 339 964 585 570 304 115 393 355 393 564 522 723 847 534 817 991 135 596 518 150 291 555 831 58 370 473 972 596 372 982 998 385 950 959 919 220 
173
137 21 260 126 604 179 693 376 536 201 31 895 74 891 600 948 789 300 656 600 558 938 987 809 592 917 633 826 210 285 589 790 802 849 780 244 732 860 375 656 20 55 578 868 431 400 645 674 300 815 611 67 949 863 499 487 277 919 406 158 728 322 991 337 960 295 95 951 604 691 790 799 760 948 521 187 245 597 445 204 852 196 289 480 315 745 530 587 872 310 85 259 837 211 754 533 299 864 338 52 327 594 754 464 255 784 316 731 968 323 646 254 144 699 658 823 884 54 955 957 231 258 44 841 497 165 323 655 342 960 125 311 872 168 862 783 797 64 431 997 657 135 417 722 369 13 888 881 201 215 562 116 589 884 571 36 374 15 932 989 329 346 901 907 984 417 68 459 319 299 881 412 993 
327
283 644 677 188 731 248 878 721 484 765 973 70 175 721 584 481 325 653 256 406 833 937 593 772 149 537 53 62 765 143 473 952 759 13 53 566 352 346 570 50 159 507 902 789 905 369 442 653 197 915 395 229 815 384 310 229 623 524 289 455 276 670 9 665 308 107 700 326 806 440 140 995 217 831 995 519 73 604 669 512 388 596 862 994 332 520 542 196 162 339 247 402 414 521 306 476 944 234 695 624 272 456 434 238 921 791 183 489 32 921 147 462 422 709 457 423 609 322 496 687 968 225 289 283 122 866 270 501 16 853 143 839 244 120 478 155 752 993 488 961 831 537 736 510 729 767 507 204 335 8 118 865 579 457 172 10 323 577 2 906 407 523 5 415 646 682 303 20 907 469 871 720 929 199 879 658 170 70 997 681 787 791 107 512 344 348 877 793 100 445 565 203 232 522 161 522 774 421 458 357 249 469 349 629 610 159 368 804 207 890 819 572 691 196 398 523 716 761 21 75 277 144 804 357 667 331 406 270 403 365 70 953 167 131 676 634 507 617 631 32 440 295 274 562 519 656 849 718 125 915 534 503 646 725 641 25 540 921 80 845 736 564 874 296 156 18 682 272 283 532 785 920 552 711 770 648 96 424 922 416 101 913 688 440 334 37 450 108 255 989 38 846 931 97 213 162 869 445 45 781 200 675 567 139 263 955 622 826 153 856 786 228 829 999 862 71 288 433 978 476 878 973 815 405 196 205 615 
175
778 409 351 468 550 438 417 202 904 653 584 596 982 531 282 785 199 822 678 600 889 199 777 683 470 951 291 927 0 510 582 865 654 516 332 631 753 979 642 809 105 643 851 933 283 928 21 299 969 283 683 855 933 755 431 800 289 673 140 536 993 155 739 571 299 741 611 180 62 91 439 203 716 897 358 122 113 558 68 951 217 586 13 909 562 934 1000 767 365 77 254 255 289 846 608 123 386 643 321 282 630 858 864 424 560 525 396 544 211 341 802 333 941 344 892 842 942 488 171 262 226 91 927 132 451 447 994 867 360 476 357 959 898 443 568 469 838 676 257 159 20 328 790 377 618 989 551 109 351 804 552 433 933 955 159 36 456 740 745 327 387 861 815 633 449 310 10 9 425 728 624 763 706 136 47 
124
291 208 544 995 787 765 787 969 470 121 129 496 737 499 44 203 180 224 116 997 201 558 261 326 768 759 956 875 564 326 755 532 338 52 169 263 369 182 466 435 180 545 928 517 482 938 192 957 502 711 902 403 929 73 345 666 654 822 387 991 335 167 23 866 465 805 240 324 928 172 404 121 350 145 365 439 15 724 536 101 459 760 497 640 894 588 285 985 382 209 68 610 831 265 78 1000 657 546 316 335 390 443 253 498 140 916 883 313 904 810 808 281 533 383 883 703 940 92 285 843 56 336 198 424 
172
772 112 396 771 498 656 760 622 382 993 628 418 838 383 732 884 671 993 191 784 374 130 469 241 469 547 546 942 2 6 539 576 214 257 324 627 34 119 819 880 147 965 352 778 613 848 933 866 844 528 653 224 207 911 344 663 897 960 172 957 841 650 744 661 780 763 461 729 329 408 357 575 588 239 483 144 438 790 141 103 846 785 363 299 508 48 868 111 776 366 637 52 286 602 313 275 381 860 509 377 92 477 799 738 953 913 948 730 472 776 534 304 90 214 472 374 784 37 661 590 542 762 82 951 524 742 548 734 595 213 848 677 903 960 152 257 771 115 346 259 62 495 476 721 896 665 174 124 736 359 433 964 739 6 968 520 824 839 238 309 93 36 471 127 372 732 738 140 214 104 227 820 
192
227 587 924 880 535 282 376 450 116 563 889 418 901 322 599 591 866 451 262 333 486 563 692 29 108 800 522 519 622 159 872 318 109 505 354 580 747 8 194 747 425 981 710 748 288 475 25 630 789 488 495 531 63 5 554 403 771 891 894 898 150 427 746 688 553 840 419 433 946 95 341 943 851 118 832 577 13 860 891 431 897 999 388 508 135 136 963 71 377 780 783 860 941 75 62 73 326 962 622 280 693 909 53 98 52 885 797 90 15 749 55 333 457 797 489 159 642 735 845 816 51 609 553 834 890 391 873 187 739 495 227 512 100 952 271 334 632 302 582 714 220 92 57 421 880 148 465 933 16 958 624 819 928 108 330 239 428 698 435 911 327 341 306 710 959 841 314 872 686 541 499 9 555 687 291 167 456 694 136 809 647 545 945 802 833 253 491 645 800 199 534 228 
177
309 428 849 910 720 55 479 806 287 856 912 271 624 280 658 298 544 415 455 204 778 188 552 13 263 296 536 777 246 20 638 53 251 329 435 986 649 468 293 148 945 880 250 864 797 944 514 154 576 703 93 382 835 647 358 917 633 712 489 753 960 330 425 287 221 482 743 232 717 473 158 233 419 928 426 468 210 298 355 952 532 128 398 65 901 841 897 128 316 470 124 784 677 388 546 420 377 892 404 136 89 333 53 378 110 32 122 477 883 639 857 954 173 213 396 694 785 395 405 983 738 59 297 424 283 229 933 487 550 727 992 649 978 469 435 921 26 336 618 273 131 148 653 658 225 731 921 972 71 937 849 231 607 606 780 820 932 998 307 350 400 7 633 133 642 829 8 64 209 546 681 813 345 587 302 195 385 
252
549 5 957 533 740 8 438 113 355 319 580 512 357 435 751 171 256 971 221 980 704 639 55 759 283 120 177 69 113 523 318 574 143 938 834 416 532 46 550 634 183 994 594 570 565 624 111 809 633 764 543 610 267 171 780 121 831 798 236 723 33 259 932 176 386 711 62 941 191 531 635 488 581 421 111 793 7 52 260 618 543 55 405 734 545 38 604 51 88 252 655 740 677 463 445 440 408 98 617 345 125 883 44 693 896 666 301 607 70 414 287 171 676 241 719 579 828 878 867 872 944 332 261 558 758 255 396 884 56 980 376 337 71 647 349 752 201 65 862 327 541 563 396 164 631 296 687 477 307 915 717 950 272 125 413 187 724 464 26 302 856 825 750 721 845 6 912 724 938 488 526 439 775 385 187 245 959 141 807 423 495 9 824 751 387 755 289 56 860 6 919 862 653 556 187 36 293 588 255 841 932 791 702 804 909 70 944 824 251 760 268 902 357 669 556 283 715 752 802 227 251 18 378 956 725 858 239 332 808 521 51 794 108 66 355 235 727 482 771 346 507 865 606 484 858 836 646 181 226 278 532 378 
440
836 531 511 132 414 804 539 434 994 630 277 705 619 770 508 907 452 426 889 589 90 945 460 257 652 160 391 14 166 871 286 171 697 653 340 177 431 258 101 117 722 572 17 33 360 913 893 581 984 646 555 274 76 334 799 218 439 889 74 539 916 915 599 123 524 290 385 647 331 397 878 452 689 526 931 707 935 303 867 119 782 924 911 55 365 170 910 132 964 211 570 696 242 635 746 968 76 212 817 455 168 260 38 614 350 172 483 437 913 140 850 29 782 733 636 955 889 929 564 100 98 546 298 965 744 63 867 306 77 97 311 41 25 231 355 401 700 996 696 183 365 153 649 287 666 230 29 309 374 797 540 374 720 671 825 73 991 367 768 347 838 710 472 184 305 925 416 922 94 879 578 289 371 591 125 181 416 405 795 675 22 335 983 414 545 501 339 534 110 883 248 309 968 196 294 940 782 533 209 195 960 82 642 541 284 384 776 507 116 397 406 272 900 812 603 50 955 583 124 491 341 270 446 246 246 411 265 211 269 850 892 763 899 833 665 275 974 936 905 284 297 620 637 971 977 108 637 229 951 977 884 180 676 757 325 978 556 418 343 534 661 61 797 244 18 55 581 272 528 259 681 172 22 534 16 612 792 408 275 630 157 957 956 692 855 202 619 249 975 280 406 215 138 583 438 637 73 525 957 265 821 522 641 387 364 118 184 277 342 79 870 784 748 897 292 273 20 758 908 788 131 913 90 331 428 49 635 304 582 216 439 626 84 35 781 963 551 447 331 410 168 966 62 797 527 433 79 667 216 683 493 61 922 925 59 315 450 470 473 631 901 417 801 373 530 675 756 116 273 938 546 507 218 918 117 376 71 943 119 74 134 380 49 998 594 664 582 643 263 727 13 224 952 909 118 279 330 960 85 66 551 810 994 638 47 900 474 105 369 579 699 861 507 997 674 191 1 234 666 728 774 794 507 19 338 51 66 787 607 867 670 95 918 340 792 251 780 117 50 197 
290
537 580 775 980 97 998 155 482 709 104 143 971 646 991 972 356 882 262 477 81 421 766 841 274 2 356 200 622 744 194 787 443 74 57 334 965 451 231 666 444 525 630 257 423 3 833 128 618 248 607 929 858 338 649 284 736 427 175 697 842 636 76 936 966 519 405 932 892 833 241 680 211 981 955 473 433 40 666 69 151 985 655 558 789 966 905 100 832 608 243 85 709 410 461 885 487 583 798 545 615 937 386 500 17 116 488 604 357 667 942 732 556 821 848 685 647 792 315 766 504 430 307 552 249 922 711 797 373 388 230 657 570 460 987 32 190 139 773 235 753 178 838 515 576 991 474 371 578 619 538 876 770 609 762 75 768 757 590 473 590 543 910 639 61 137 1 822 151 153 91 674 155 829 334 423 815 294 647 157 743 718 163 661 610 143 135 260 626 782 385 438 172 657 81 718 893 262 209 250 459 601 402 658 516 445 959 955 368 134 213 918 466 935 189 899 803 408 960 425 691 16 180 656 51 345 397 646 804 989 875 439 67 676 223 238 804 825 351 719 502 230 696 450 973 696 120 264 149 608 499 450 454 863 385 73 201 274 562 599 869 76 413 387 454 201 278 656 647 955 532 350 62 627 112 960 664 22 318 142 661 730 295 430 606 171 442 714 132 290 501 
363
667 217 359 325 591 45 877 513 35 637 671 734 380 448 943 757 922 426 175 747 321 476 121 592 542 882 890 733 419 346 358 427 209 884 215 685 685 842 666 810 201 561 17 334 713 88 161 292 507 740 934 6 185 442 983 139 858 353 196 382 389 11 983 437 955 14 21 389 527 526 324 833 343 760 628 613 803 366 233 853 5 880 179 84 314 511 908 510 547 865 88 708 53 488 200 108 243 439 923 936 283 246 357 224 856 724 862 337 489 142 477 400 46 114 645 253 257 764 328 553 116 30 333 896 415 954 472 337 583 655 323 860 677 932 498 771 296 851 563 56 811 843 925 915 765 803 724 101 995 28 44 619 62 200 662 706 410 738 989 181 795 783 287 501 570 751 285 616 276 571 951 815 560 626 432 182 888 183 213 567 478 709 320 995 821 629 193 984 278 722 155 376 354 763 548 150 838 911 447 657 605 376 773 463 373 703 119 203 858 865 959 9 838 776 55 758 663 582 251 709 123 496 420 715 785 994 661 86 408 372 453 687 750 299 816 70 199 233 323 859 94 330 854 797 184 49 996 342 729 713 616 136 441 443 341 876 594 566 933 543 409 879 240 758 510 39 368 107 484 857 48 200 849 24 274 924 437 782 705 198 828 97 788 413 10 211 637 816 475 634 274 835 450 46 317 134 643 763 115 170 468 629 757 592 173 825 824 51 526 784 498 992 887 237 354 649 853 480 23 172 513 884 17 700 760 126 158 449 69 817 308 309 938 74 94 770 596 233 861 103 32 70 420 614 893 540 367 833 40 905 626 538 748 839 21 739 621 918 63 580 756 327 821 
267
777 324 843 705 750 245 809 36 46 694 986 838 527 10 274 692 929 881 940 491 787 870 997 557 939 267 324 714 881 156 865 765 480 212 686 307 872 26 934 579 117 985 611 669 984 321 184 613 134 762 327 798 674 709 817 757 61 111 679 971 847 750 603 71 168 256 730 67 79 725 199 629 851 23 775 376 972 182 173 554 634 666 657 869 234 999 46 553 659 771 794 666 624 670 149 400 400 563 216 754 207 646 899 831 337 842 925 973 312 93 252 393 643 137 23 480 742 272 538 73 968 756 617 195 967 305 475 314 823 227 762 465 844 509 440 834 348 947 235 466 291 167 251 643 333 910 254 257 640 984 958 554 62 58 527 799 448 129 531 840 643 183 72 209 657 542 133 274 625 620 808 589 479 147 598 738 42 856 124 122 738 589 258 285 690 369 493 200 844 587 773 916 763 487 335 509 365 842 985 454 988 526 10 306 596 194 316 536 422 968 687 447 230 736 103 943 336 992 507 744 49 588 703 163 145 943 637 933 277 384 278 1 923 452 514 811 67 109 203 256 808 734 756 595 672 887 784 133 829 46 930 288 109 159 581 923 666 100 372 211 731 801 583 599 71 678 57 
853
726 687 440 160 14 138 264 210 860 975 965 774 52 349 980 299 781 695 133 792 719 952 67 880 8 920 138 705 175 302 40 584 249 629 466 966 76 296 668 879 906 625 860 992 953 791 59 403 494 920 349 463 991 466 550 21 719 872 842 769 595 27 809 428 53 828 959 594 546 260 90 975 358 991 143 944 623 779 360 655 154 993 229 338 690 284 350 255 204 289 800 168 842 105 439 454 906 194 716 727 378 673 399 297 648 928 629 232 698 644 416 625 123 84 430 513 758 690 999 212 982 303 942 880 563 376 151 187 509 462 648 752 332 626 312 700 764 224 548 684 819 828 914 368 31 631 187 63 653 968 138 713 548 981 488 12 427 837 397 135 956 779 701 627 352 739 879 236 929 612 684 558 45 170 409 62 979 184 636 624 253 584 546 2 897 64 717 372 93 340 964 248 206 333 70 111 469 994 466 802 352 44 636 978 902 675 390 845 238 490 177 550 46 152 535 747 223 538 970 879 365 40 519 86 176 720 762 433 325 424 268 656 954 845 600 764 420 1 201 497 938 755 45 854 131 998 800 348 282 438 939 939 378 31 298 64 806 283 348 706 410 893 390 422 648 437 385 702 427 246 598 285 229 906 291 513 368 709 413 843 32 628 773 382 229 55 958 394 352 444 194 66 646 964 174 427 248 265 409 321 30 970 67 963 55 28 491 621 694 628 331 37 311 541 37 155 623 539 403 79 950 631 359 712 472 152 425 312 217 911 266 746 371 935 944 334 235 463 563 167 747 259 423 936 845 198 453 346 594 375 457 303 860 360 933 998 146 649 266 714 697 212 177 791 786 356 356 609 281 285 832 900 442 131 170 961 539 799 230 601 963 852 258 861 226 999 78 415 726 274 989 430 87 88 358 284 432 972 693 143 574 325 972 719 417 142 399 799 512 214 760 821 411 981 728 882 414 10 571 862 690 276 854 466 502 310 663 681 59 892 518 635 761 488 797 450 829 93 242 144 214 561 932 887 569 68 438 522 343 803 754 215 521 752 426 635 489 101 200 834 111 920 681 20 692 538 242 677 246 955 719 809 513 263 810 860 279 548 249 319 229 526 237 590 232 889 466 390 960 774 364 793 424 47 226 85 525 544 923 57 713 385 935 601 500 895 742 457 294 989 650 831 571 169 241 810 545 434 803 580 553 737 528 443 572 592 0 295 405 70 810 964 913 773 11 399 28 645 783 151 674 341 878 696 916 245 191 214 146 371 280 84 523 311 860 236 663 102 11 914 681 491 837 700 99 79 824 832 598 168 975 321 440 851 65 147 806 653 214 872 757 772 912 635 830 925 6 762 453 563 598 192 582 889 879 466 219 5 955 266 103 27 537 39 432 918 174 108 612 882 913 974 750 294 578 347 824 567 691 466 119 258 351 788 372 575 102 987 41 293 273 308 951 98 364 659 893 32 396 509 972 707 497 601 106 925 96 594 433 821 647 120 452 332 861 37 226 90 644 366 898 301 66 111 857 718 602 686 152 689 883 40 374 874 834 597 131 997 812 231 686 301 915 124 289 341 114 677 570 338 743 444 237 269 563 946 49 893 347 841 82 158 387 984 279 638 738 430 396 355 217 295 568 385 141 820 812 548 383 73 334 792 241 428 979 823 457 989 738 446 135 542 342 986 985 605 104 402 465 385 695 628 724 45 459 53 720 624 771 347 611 997 210 880 865 587 226 380 969 392 939 223 399 14 787 244 250 107 170 221 349 808 356 253 383 24 992 121 601 113 276 306 774 50 423 446 508 717 669 828 641 260 774 656 261 999 176 347 402 94 265 197 204 354 378 380 294 480 203 23 793 227 550 731 213 726 358 597 40 622 301 298 321 578 76 870 580 639 46 861 649 754 883 326 802 291 767 489 491 470 416 398 393 553 274 205 699 470 610 290 358 130 78 
694
756 564 513 54 452 531 766 666 92 476 303 783 956 497 341 701 276 562 33 494 511 50 298 660 712 710 725 580 224 535 601 962 641 417 843 416 701 444 591 113 252 906 196 725 467 692 828 712 809 139 147 981 523 763 59 655 929 203 673 190 939 114 268 970 952 59 321 283 119 914 825 551 975 941 979 988 268 713 797 191 322 562 622 772 344 393 754 37 194 994 851 620 46 59 633 146 845 347 622 452 859 817 596 476 205 180 614 327 527 727 584 170 675 429 679 780 373 467 292 609 394 525 762 145 274 177 640 461 296 962 574 176 249 25 166 496 191 982 439 731 696 667 922 710 608 614 601 119 178 955 7 281 570 459 579 36 299 624 482 324 236 390 638 334 471 472 330 854 232 507 384 894 404 726 632 759 268 440 424 264 981 774 17 554 351 472 921 774 342 368 381 873 341 724 526 841 890 769 395 24 499 725 482 891 562 27 581 170 91 450 645 363 4 569 648 399 427 871 588 210 175 752 19 536 608 953 96 695 44 242 229 43 693 461 504 70 994 319 728 479 927 778 43 279 121 612 367 760 605 942 912 91 730 744 476 447 955 216 394 818 820 402 844 503 15 537 384 961 24 974 371 826 38 436 991 458 300 270 863 134 22 406 111 871 224 299 604 413 523 385 258 894 720 770 271 476 221 109 132 449 819 302 640 215 23 947 511 529 15 388 94 903 557 629 532 600 570 839 616 693 261 810 56 294 763 603 854 178 281 627 737 706 125 117 170 419 306 152 518 579 784 40 804 214 292 173 685 258 212 771 836 836 713 599 978 896 325 653 14 6 81 550 568 489 166 990 638 27 735 454 575 609 267 259 479 328 329 580 578 592 103 948 344 600 348 740 306 981 709 146 279 806 68 17 378 788 442 563 358 316 668 407 90 171 970 779 684 253 404 981 679 329 209 323 986 936 64 568 657 378 751 523 319 63 546 20 137 818 97 860 328 141 8 893 232 242 449 329 633 444 285 91 88 993 915 746 946 870 221 225 482 784 665 101 164 1 683 389 952 669 823 213 724 366 981 190 490 686 610 323 169 673 612 801 696 218 661 602 90 138 883 30 241 367 146 853 396 70 267 717 707 748 614 40 550 540 516 672 274 118 137 509 83 277 235 391 478 752 864 158 731 523 692 589 548 851 793 644 217 532 537 83 479 971 853 730 93 956 581 207 76 2 901 433 481 320 502 450 18 554 560 946 850 994 333 727 171 657 297 998 616 291 581 694 531 794 256 872 635 418 345 108 202 482 551 590 442 607 328 721 848 599 239 648 534 273 119 378 539 245 593 280 257 214 568 735 802 733 210 107 682 453 636 194 76 700 526 335 343 4 71 146 434 236 66 94 23 126 647 627 503 171 380 854 987 856 82 613 921 434 634 837 380 519 677 504 556 610 575 592 36 380 635 583 435 102 589 244 80 688 453 210 435 466 732 378 388 192 163 887 232 110 636 236 507 765 276 924 606 265 45 263 996 11 249 543 980 533 150 179 35 753 978 790 643 523 73 351 676 789 732 634 469 251 39 295 671 695 377 732 624 399 431 363 
828
322 659 149 561 812 494 948 422 82 914 7 600 849 300 837 659 543 718 406 456 335 382 216 939 195 215 733 418 706 414 685 415 510 340 988 719 273 612 986 656 399 269 548 148 561 366 395 261 446 870 823 940 37 839 85 220 108 2 102 822 804 83 787 678 159 581 802 146 389 757 703 773 241 445 205 466 441 953 361 967 879 208 806 301 710 18 711 687 790 74 816 905 333 73 77 626 817 400 861 896 74 61 39 656 310 432 716 240 394 535 858 632 806 874 23 836 283 237 396 457 19 652 580 548 398 607 988 555 966 208 711 554 852 749 294 674 39 501 648 402 152 268 975 214 813 445 309 340 126 580 89 284 633 589 605 952 851 195 154 260 671 664 552 309 910 627 870 735 221 485 133 302 524 28 256 61 281 482 124 180 665 360 363 137 84 799 996 225 12 671 927 655 734 393 781 711 37 533 326 962 7 112 21 951 502 889 496 546 175 467 935 177 276 243 554 306 191 877 47 151 987 732 759 744 352 47 223 670 130 529 307 417 32 4 992 76 276 14 44 399 975 380 490 115 651 106 220 333 560 764 410 350 420 120 205 299 304 860 698 609 390 330 70 270 711 187 919 141 20 871 550 907 185 120 25 401 517 710 108 390 295 795 756 130 515 815 72 451 355 332 13 39 381 825 233 185 37 816 297 424 795 917 587 163 861 298 398 220 388 234 573 749 646 368 59 423 895 512 647 640 640 632 415 668 550 865 515 809 309 942 943 343 432 608 161 677 509 232 437 517 142 792 839 284 546 112 553 888 306 228 774 702 664 496 353 238 864 451 143 547 301 661 836 334 19 747 644 259 11 129 163 535 361 639 722 788 88 149 995 611 433 320 180 576 961 979 606 226 369 328 251 398 639 295 69 997 675 933 652 185 647 452 892 799 56 39 392 863 18 126 422 733 931 826 892 788 231 349 791 952 345 506 884 544 461 987 353 904 156 966 114 571 794 385 425 136 767 285 43 605 785 490 78 772 860 187 376 85 783 898 55 699 619 602 553 289 233 592 888 961 886 175 193 495 6 1 135 153 456 336 225 719 973 355 540 951 348 681 630 386 352 197 18 395 702 905 366 849 553 596 418 646 119 253 374 12 895 1000 448 61 79 346 861 345 588 424 396 54 455 597 988 478 573 666 146 607 203 292 263 133 242 774 492 3 352 958 769 837 963 858 308 123 913 396 235 296 201 666 520 59 938 617 409 856 421 264 478 493 586 734 226 996 573 805 467 415 512 377 342 3 969 148 911 986 571 211 612 360 95 565 61 530 824 299 82 417 596 604 349 432 766 924 805 741 107 289 583 443 905 782 886 299 635 186 183 627 508 491 942 291 318 683 735 393 435 756 856 593 794 983 981 444 635 939 355 486 638 348 556 879 193 408 720 806 459 492 364 890 25 863 638 117 725 35 902 414 141 263 522 50 166 945 72 396 802 553 246 160 367 360 292 578 403 650 474 831 881 210 499 862 589 447 421 448 742 513 400 218 878 587 931 197 27 405 96 674 755 311 257 394 933 702 441 816 903 842 186 222 552 407 708 903 556 434 50 274 534 513 922 722 238 691 640 534 672 318 356 428 625 439 477 879 337 481 129 194 722 230 213 770 908 148 377 995 556 979 850 165 872 817 830 521 824 514 293 246 102 518 833 491 180 267 98 50 621 607 368 264 12 436 536 370 940 960 299 857 628 592 518 410 888 909 894 78 880 724 254 498 11 926 492 517 482 84 842 5 399 378 361 690 236 683 626 158 726 669 451 452 199 377 958 502 460 131 170 374 728 206 640 161 897 996 833 855 630 740 523 477 727 390 543 59 296 807 285 448 575 534 394 346 488 208 478 417 754 283 104 610 
759
665 131 722 236 530 92 777 355 622 865 519 543 643 356 114 697 993 67 9 398 780 223 959 223 885 81 146 50 804 621 456 755 593 418 338 389 273 955 370 70 211 384 608 333 67 213 530 793 186 707 777 705 338 70 861 166 934 940 925 953 688 303 697 672 721 163 955 165 393 836 552 77 528 551 433 861 194 366 307 502 456 619 730 940 572 7 656 883 460 964 633 924 401 800 669 767 464 124 123 35 480 513 656 410 860 809 538 199 442 351 172 476 480 560 217 473 530 833 972 846 615 900 586 856 307 240 566 203 79 666 468 712 401 548 995 84 627 665 705 615 204 502 203 226 672 254 814 419 158 273 207 105 728 417 957 161 586 412 485 844 790 545 820 753 203 140 147 935 30 92 77 258 819 814 42 738 123 843 931 397 130 106 789 237 0 193 513 22 938 855 556 85 258 635 108 892 79 582 538 388 438 201 531 282 106 653 513 599 579 8 48 228 999 890 433 368 69 812 474 726 295 807 861 522 902 491 358 557 495 831 1000 697 630 269 299 248 447 133 304 220 531 561 151 434 182 475 744 189 884 585 366 163 247 83 458 672 770 639 855 665 329 234 167 97 745 926 64 741 567 298 783 1000 848 415 507 500 608 977 686 495 364 561 1000 472 135 454 651 820 227 918 832 31 218 940 49 452 312 528 979 716 629 682 573 225 983 15 935 68 525 389 887 564 329 44 973 57 314 269 609 629 815 511 761 613 918 251 793 189 756 967 46 583 813 41 141 148 500 371 439 912 469 152 910 763 134 964 132 533 182 375 479 380 506 251 528 955 618 626 170 46 554 387 991 313 435 596 643 524 901 151 224 417 477 629 835 854 197 406 849 160 66 307 725 480 210 233 732 357 444 958 112 78 906 803 590 887 173 575 759 356 906 688 649 752 23 123 252 314 653 770 69 104 961 359 91 683 664 271 654 228 513 907 274 160 81 399 378 903 646 197 272 162 323 943 196 695 309 386 719 620 828 577 453 24 974 672 741 206 192 555 547 730 795 370 735 5 599 522 578 136 956 323 953 46 967 476 982 654 682 116 823 931 428 332 570 549 852 880 517 987 870 795 88 711 593 258 26 601 56 526 636 122 86 401 266 413 887 786 379 669 220 703 903 414 952 133 824 504 705 806 864 180 233 751 79 347 395 487 132 422 741 236 796 869 904 831 540 267 444 152 715 123 143 967 538 63 90 411 537 687 361 86 823 177 471 328 42 987 483 196 823 832 619 748 595 597 545 622 952 167 894 372 262 332 436 837 315 7 938 386 903 897 590 494 133 14 576 369 649 763 889 196 565 57 6 842 732 400 757 12 919 59 176 225 487 464 184 101 142 447 106 725 823 924 505 401 620 921 775 42 508 726 751 250 208 716 930 914 7 379 235 891 302 506 527 96 193 922 491 351 410 714 437 610 532 91 600 945 346 431 627 759 774 21 485 99 887 115 794 552 515 832 671 577 957 542 182 999 461 973 458 862 55 738 819 753 312 225 821 556 559 48 369 183 975 981 151 627 439 844 54 108 830 974 405 700 495 425 919 173 976 862 803 849 899 649 359 970 849 304 850 728 754 294 983 793 393 631 707 378 33 793 34 547 629 236 687 820 735 669 575 157 583 725 122 42 841 625 171 100 989 781 972 884 742 572 355 29 865 469 725 766 643 520 463 319 44 957 712 361 290 794 182 185 592 861 204 542 319 
693
833 28 905 370 523 350 397 752 21 614 790 209 572 832 788 376 964 642 92 414 417 293 210 863 298 928 193 424 650 338 862 35 410 357 68 174 617 889 339 976 28 325 364 740 926 639 372 92 81 585 710 692 713 834 966 512 694 720 531 875 110 684 961 342 62 541 390 170 924 71 283 638 288 801 68 497 809 355 972 423 556 164 631 331 678 762 24 968 900 887 322 354 64 903 110 692 46 425 319 504 561 235 86 244 105 696 820 62 929 672 518 867 431 327 451 179 523 587 194 61 487 313 447 460 844 704 978 461 646 468 133 534 66 325 593 423 290 757 599 645 947 54 728 46 947 972 598 478 982 254 959 668 975 628 955 224 565 166 101 59 356 6 209 429 677 532 617 436 587 837 96 8 906 162 762 34 366 144 641 716 708 537 162 771 20 199 431 284 318 967 141 9 0 8 573 407 714 287 335 361 20 35 588 599 752 823 73 110 23 645 77 572 106 967 82 938 992 995 286 787 179 809 396 998 970 25 136 62 703 716 344 155 989 936 303 858 638 973 955 453 319 835 222 886 3 179 420 117 817 956 683 679 622 829 102 333 59 78 828 750 483 966 929 131 597 595 437 836 517 193 211 617 482 657 478 731 652 552 232 68 101 939 128 479 295 108 707 905 258 625 459 643 742 851 844 814 19 297 638 727 217 24 314 421 424 402 772 282 918 559 253 953 162 434 499 469 558 850 72 571 56 426 242 313 105 247 118 231 435 600 436 302 910 539 946 263 223 214 736 158 157 172 659 703 967 167 451 311 907 711 949 84 658 563 62 182 730 280 876 471 634 707 37 972 962 437 624 49 440 774 959 472 931 411 850 190 358 674 206 374 344 757 205 368 719 979 173 201 729 64 656 986 244 741 482 835 463 447 109 785 71 179 122 909 753 268 63 198 92 707 698 578 544 660 314 103 338 198 670 723 95 470 171 210 431 151 39 282 915 903 770 761 274 840 660 270 879 69 820 888 410 602 475 819 297 250 336 543 174 155 110 801 541 313 710 463 301 73 553 906 528 482 470 229 153 207 405 198 249 336 338 38 389 916 894 467 394 19 890 226 145 181 619 681 562 684 901 106 210 418 286 19 155 799 643 412 430 395 166 905 485 960 980 50 983 402 780 325 456 821 91 505 163 331 698 124 797 986 934 479 936 483 543 730 884 333 319 661 316 640 606 806 179 983 517 708 455 615 884 471 916 195 168 952 468 497 604 136 864 3 197 253 226 490 375 739 882 613 137 732 65 642 785 13 684 336 564 849 175 312 293 453 237 466 479 78 763 133 669 197 723 52 790 631 414 410 172 288 285 919 589 183 213 772 235 360 13 580 274 126 658 518 457 574 237 93 748 769 652 255 820 803 429 692 653 912 152 59 460 164 731 300 448 125 564 221 728 407 96 395 654 995 696 275 128 652 14 16 426 644 631 43 838 386 957 592 815 642 811 254 83 416 317 642 170 943 825 62 163 958 499 473 937 444 28 770 425 420 197 55 326 176 728 497 763 525 73 605 514 338 736 330 110 547 655 690 557 464 510 993 553 18 987 
796
421 65 319 931 43 210 621 512 150 941 865 837 73 744 885 755 628 637 400 272 271 396 31 618 429 987 105 572 76 97 739 888 371 661 562 806 827 222 660 523 92 969 557 881 307 30 756 498 493 540 262 337 645 7 274 523 569 510 294 579 274 950 267 227 777 783 643 724 617 738 247 857 560 904 512 977 411 124 360 330 738 204 97 922 462 447 739 112 533 493 334 129 104 941 136 310 792 703 247 503 920 779 647 921 981 825 790 70 293 11 768 471 972 951 496 546 339 454 298 689 241 60 602 530 499 69 109 103 669 506 369 375 394 746 72 776 591 97 382 830 367 409 710 533 541 974 72 926 664 298 927 822 642 105 826 390 147 442 235 959 125 962 20 175 250 180 55 549 729 985 264 686 316 382 616 25 521 265 643 173 247 736 541 202 780 357 627 195 810 591 758 360 395 234 439 28 75 291 108 235 653 863 963 204 609 900 12 537 52 706 414 331 719 80 984 974 228 414 879 447 182 371 251 868 876 193 842 661 625 424 705 216 686 643 293 187 958 302 809 890 257 535 688 608 187 862 653 159 954 65 565 419 847 866 666 309 568 374 484 720 129 597 929 142 463 380 548 931 403 102 911 582 743 280 93 719 926 511 744 358 832 220 976 788 568 892 332 237 129 703 524 941 779 434 523 405 994 946 764 413 772 806 680 876 422 396 157 525 780 775 432 912 240 462 116 477 505 524 14 73 443 788 289 437 29 785 567 299 355 176 624 29 595 715 550 672 319 62 975 198 754 205 890 581 684 456 376 403 44 79 289 252 416 875 345 196 497 528 615 927 475 390 625 498 923 309 199 295 888 866 656 276 499 19 119 681 775 821 499 912 501 663 323 806 223 769 476 270 436 550 415 50 279 946 393 462 8 663 978 818 290 431 573 695 157 312 759 284 297 384 859 15 938 306 371 604 447 95 662 559 270 1 340 955 756 560 139 408 472 882 232 427 592 869 951 222 170 541 114 414 808 991 266 623 306 955 875 972 990 103 369 5 516 807 188 744 245 467 406 50 761 855 750 794 855 864 309 746 731 455 945 480 856 512 308 834 586 491 891 178 71 92 137 501 518 474 32 994 235 216 600 552 288 988 211 182 511 325 369 762 682 572 305 985 686 702 436 33 644 959 363 916 79 884 625 619 720 19 88 132 867 368 186 199 902 225 354 499 876 929 360 932 807 979 50 883 680 826 204 610 301 852 595 139 557 560 288 725 662 252 561 923 155 255 313 411 830 136 728 234 389 285 694 745 606 323 789 954 804 963 557 888 307 991 441 874 954 220 933 840 935 863 307 935 218 122 353 903 654 63 510 971 157 649 909 504 952 767 391 276 197 969 83 79 920 941 635 460 333 994 304 669 248 410 590 91 174 52 717 706 127 818 705 446 722 113 740 990 513 518 384 710 386 606 281 480 606 565 92 626 178 307 945 104 613 622 993 319 478 789 741 270 262 823 972 691 402 559 630 358 652 680 170 43 483 871 664 770 143 545 421 579 995 843 16 395 35 289 619 546 976 52 606 919 935 992 452 17 568 18 923 700 362 827 648 421 759 103 909 791 368 445 765 124 799 577 828 816 447 415 621 999 33 795 569 196 354 970 117 271 965 515 511 719 145 878 436 615 198 111 880 837 442 931 240 125 497 645 438 727 346 733 120 433 274 227 273 454 942 484 153 232 776 560 821 60 497 459 490 745 553 279 621 148 277 601 469 252 7 310 350 603 612 49 223 119 901 620 183 693 431 928 863 455 471 372 150 992 756 765 475 404 557 46 959 991 
548
821 400 203 996 819 100 835 76 946 285 508 634 893 882 126 112 396 601 606 78 367 303 858 642 155 21 74 961 867 84 814 170 575 755 76 600 404 380 643 900 123 659 846 928 255 63 860 645 915 802 466 244 82 75 405 869 817 854 387 399 811 534 575 284 707 996 379 891 715 618 865 108 140 632 389 869 227 192 34 461 570 995 492 567 332 593 394 636 284 101 452 221 294 331 120 257 895 820 402 458 853 465 459 180 343 354 665 939 858 396 152 639 697 913 363 343 512 651 930 85 487 815 333 618 288 41 430 551 563 551 344 571 590 386 894 457 435 863 883 330 752 519 131 721 319 277 445 48 291 803 72 190 312 214 27 342 320 376 973 263 677 636 904 944 849 704 514 990 668 527 488 479 65 100 446 256 431 399 516 148 544 707 236 600 464 554 654 697 608 180 440 482 35 940 237 647 334 475 47 276 973 161 509 91 346 766 286 879 39 22 925 348 210 428 277 30 895 698 377 627 906 940 227 693 871 503 350 661 407 83 260 85 284 595 962 92 423 408 565 648 803 52 584 208 478 217 356 873 118 668 548 111 94 252 838 65 789 404 792 409 124 374 119 510 938 165 102 272 876 143 404 814 146 547 827 261 984 692 158 787 355 982 115 321 139 27 522 140 397 104 532 574 131 182 475 723 143 183 808 780 495 615 445 739 481 705 931 175 711 592 547 497 356 175 887 251 886 516 238 841 515 708 733 907 223 21 795 986 602 84 970 501 874 645 624 128 111 800 676 692 712 833 569 250 809 894 537 213 64 950 627 172 113 973 976 500 725 354 486 845 721 658 909 704 905 635 994 299 655 461 531 316 239 678 22 435 987 597 710 723 959 272 526 479 32 465 908 367 412 765 451 683 738 405 142 955 700 948 768 984 842 851 557 294 462 128 141 963 333 433 980 236 504 568 152 164 175 34 926 414 935 334 358 626 440 843 665 602 475 315 958 460 488 228 52 994 740 792 658 962 37 324 14 607 260 947 239 235 698 574 361 230 349 101 14 83 901 25 677 676 954 902 186 87 43 263 465 86 549 215 575 360 420 276 102 335 496 248 380 923 562 601 628 756 978 503 853 791 681 167 966 446 532 347 242 172 673 564 519 310 501 909 428 586 961 280 850 970 860 463 623 130 10 292 506 643 638 273 444 765 119 151 300 835 283 493 336 96 119 5 220 324 869 52 215 199 240 650 3 593 494 160 145 563 248 800 175 510 
930
412 697 381 148 453 995 103 833 681 283 496 311 352 772 670 589 938 984 612 108 26 419 639 577 537 452 857 841 90 770 536 974 888 353 281 363 406 47 172 143 590 217 579 101 661 47 455 226 477 489 526 506 157 59 865 55 900 866 617 761 373 578 819 527 367 323 104 415 323 803 388 852 820 142 526 10 497 98 494 387 171 586 127 847 884 701 41 231 903 129 27 429 191 174 732 533 209 609 38 691 752 321 299 133 448 605 256 691 517 714 24 565 308 243 612 428 810 432 139 560 625 266 130 847 763 962 692 166 447 916 62 187 418 110 678 4 711 210 827 421 237 543 307 800 902 943 233 129 787 376 656 287 325 242 341 509 702 229 48 315 408 288 943 497 591 791 263 963 385 483 330 37 570 448 826 271 408 519 638 323 860 900 822 767 403 620 616 602 181 845 933 195 464 333 36 391 709 357 849 761 211 646 220 871 463 892 5 409 951 841 831 497 593 319 625 420 593 45 95 232 825 872 10 621 926 232 373 333 464 967 346 844 24 668 878 196 483 689 984 515 49 585 841 568 700 588 191 321 833 156 472 180 109 485 378 920 626 578 754 157 137 316 995 871 472 527 998 556 314 620 12 935 455 866 33 570 628 394 650 707 161 967 169 138 151 119 876 659 995 697 890 561 411 83 480 813 752 268 3 314 0 818 163 995 940 330 751 594 66 554 413 250 592 50 316 76 656 109 404 13 772 454 473 653 939 637 86 563 841 48 524 963 649 594 814 561 9 183 928 35 12 528 407 774 839 763 825 895 761 385 768 57 882 839 294 872 559 847 695 938 995 400 977 475 467 967 472 674 852 163 211 158 845 416 591 940 66 915 118 33 963 538 249 210 588 763 24 422 274 218 478 525 475 289 50 888 1000 684 126 14 961 740 768 197 910 771 16 919 940 778 831 979 130 634 48 240 450 6 75 566 785 888 169 701 533 444 96 893 92 925 496 195 284 443 198 102 974 289 661 763 244 972 116 677 436 630 308 112 582 870 834 261 98 327 923 754 555 780 467 564 707 160 64 852 703 517 745 567 176 724 375 947 65 84 914 767 157 921 774 481 551 879 716 807 565 965 628 44 377 473 499 282 467 198 116 251 699 335 918 315 380 220 480 0 428 584 378 167 565 287 64 351 573 619 249 187 881 763 225 684 100 933 901 417 823 816 296 108 185 100 984 573 884 901 134 991 629 511 453 187 914 171 381 38 836 303 460 388 310 931 256 910 767 27 27 65 748 844 947 482 130 892 648 726 26 554 352 992 157 444 401 642 66 301 862 298 302 296 447 402 659 397 888 707 381 38 771 327 316 503 773 231 69 695 720 403 389 317 37 228 30 742 736 460 575 771 398 988 253 129 378 816 925 434 690 493 946 447 304 195 616 961 53 359 950 513 325 277 186 622 424 684 951 454 407 351 805 865 882 681 687 371 299 0 210 596 637 880 297 679 660 500 941 639 386 534 827 754 958 831 69 713 674 48 634 830 953 818 303 883 27 386 821 962 874 541 165 978 804 623 763 263 829 391 549 771 996 480 439 795 716 863 278 55 863 371 187 654 263 670 928 638 911 733 439 851 27 587 487 816 43 59 768 690 764 58 938 335 515 677 730 489 330 668 415 486 188 813 602 320 395 341 755 967 424 870 30 402 209 998 652 639 808 701 669 467 491 501 914 991 147 690 994 533 211 722 296 107 605 644 949 243 581 578 100 520 974 331 556 322 20 586 256 804 841 96 286 389 786 991 785 64 581 788 709 838 248 151 329 743 42 295 345 193 710 475 411 815 495 128 368 154 527 181 319 521 47 42 472 562 279 256 258 923 76 711 202 362 892 154 237 59 372 109 891 65 74 800 177 628 986 873 205 749 207 153 148 609 408 657 606 616 725 617 964 326 569 875 27 293 710 381 184 325 653 978 377 765 616 43 203 285 261 751 366 789 204 668 333 74 1000 379 253 791 498 948 158 568 18 282 543 488 730 624 993 243 862 925 942 452 959 22 419 277 784 849 864 798 340 272 442 415 211 361 902 564 934 878 201 666 430 954 531 626 155 543 448 134 394 682 593 926 190 611 613 551 167 573 610 722 
848
266 455 734 647 58 877 423 819 788 681 815 56 959 853 656 170 133 950 503 86 989 699 941 936 482 574 530 432 363 66 934 980 951 806 200 100 641 219 514 884 853 786 152 19 622 564 624 205 781 105 151 842 896 897 762 20 765 543 791 235 92 486 946 81 628 798 701 429 898 82 647 107 743 139 399 763 213 703 558 761 356 533 939 933 730 29 20 322 133 132 183 646 775 153 845 797 346 443 881 2 824 820 298 748 397 921 797 305 678 321 239 479 794 96 390 205 450 249 132 869 196 940 104 585 655 584 288 209 640 990 931 753 955 366 575 520 117 800 831 828 216 666 271 10 632 846 627 659 855 757 98 552 510 75 819 487 939 403 796 809 48 66 494 538 46 355 541 662 603 483 836 512 543 974 617 439 638 631 818 426 507 783 577 579 401 5 335 258 299 578 85 284 48 403 183 909 978 56 0 347 41 601 765 640 349 203 979 973 558 135 218 565 205 481 697 585 234 692 664 672 139 119 914 620 346 579 769 477 678 691 102 186 471 534 699 566 523 511 637 238 364 287 554 421 216 660 349 489 299 77 46 125 631 964 115 655 86 622 500 214 933 931 5 887 895 748 810 283 75 151 775 420 145 463 352 396 42 220 451 735 535 819 117 32 637 822 133 763 695 603 173 93 154 210 266 519 779 776 345 704 649 857 292 746 695 185 252 499 721 996 538 17 199 129 300 502 135 246 820 607 461 294 555 209 269 894 781 31 274 505 202 358 249 559 276 306 288 198 213 737 242 383 920 637 60 705 595 839 748 983 434 556 687 783 884 768 171 95 276 223 331 92 904 357 763 308 821 270 530 975 821 656 256 786 994 321 239 211 750 26 426 511 97 706 674 532 442 263 916 1 762 800 862 485 702 424 643 359 621 7 927 892 85 476 725 944 384 383 66 918 599 746 79 839 999 413 931 66 930 988 812 262 488 924 559 491 676 842 159 261 430 729 622 483 912 984 25 817 862 14 541 123 622 957 892 894 68 104 835 715 537 292 334 46 570 246 864 276 23 659 286 733 882 969 327 270 487 320 944 506 888 942 664 805 819 90 731 996 602 645 179 347 967 329 621 910 368 658 421 87 257 657 518 63 726 251 84 618 623 110 489 88 417 499 484 397 336 551 909 529 648 991 559 185 612 168 357 434 451 561 210 102 445 781 484 183 859 942 602 917 167 788 356 706 331 673 452 432 30 991 15 294 780 211 597 109 273 462 553 722 243 588 43 111 703 323 3 687 334 138 181 445 344 746 139 679 124 117 560 805 843 392 727 862 811 627 447 298 95 105 326 579 924 302 987 294 534 675 198 962 959 761 183 36 201 459 573 866 474 945 393 942 177 903 695 46 930 182 453 550 675 388 72 515 634 426 352 795 719 744 775 272 231 41 533 690 204 204 526 763 208 750 454 952 400 428 790 107 524 826 625 226 97 683 823 310 809 587 168 803 826 697 168 427 720 13 240 884 752 802 503 544 251 974 645 167 868 927 815 265 737 700 375 215 196 796 427 71 448 649 981 19 930 460 869 173 163 203 452 928 503 515 521 16 370 131 568 648 140 112 531 675 301 191 634 50 249 363 912 176 293 242 739 674 960 141 204 924 793 280 955 30 278 807 913 511 839 322 445 308 387 22 450 200 617 514 340 690 434 116 506 147 636 992 981 23 781 492 510 993 990 395 263 394 111 236 943 96 305 397 956 743 172 799 709 444 482 623 605 341 68 750 396 694 650 4 977 502 317 849 823 185 571 546 634 290 929 545 973 556 881 819 763 311 871 386 487 798 407 411 923 964 480 595 62 323 820 571 796 358 292 121 803 995 942 856 217 366 830 332 328 261 978 179 467 243 825 638 951 775 698 988 639 968 259 569 237 405 55 566 396 888 963 603 95 599 400 6 
956
327 270 153 504 388 623 957 776 452 361 270 699 597 178 394 167 870 605 86 978 860 108 173 646 207 675 451 817 1 478 219 984 498 159 553 464 621 648 596 557 988 343 516 196 657 961 394 102 728 118 924 681 559 218 969 299 339 644 996 451 150 26 902 589 415 57 311 784 812 668 506 29 768 987 511 157 555 718 524 230 906 344 593 493 391 450 84 954 742 905 768 733 632 521 866 531 923 4 399 677 389 630 506 313 535 835 603 901 568 494 562 652 534 699 399 213 190 971 413 893 515 990 636 210 454 439 985 76 458 206 623 689 838 510 313 405 855 182 44 46 798 179 247 695 727 75 931 251 572 593 563 109 425 651 905 178 732 37 113 662 839 544 357 323 706 670 518 129 315 68 34 328 246 328 822 225 815 306 874 974 678 167 520 250 976 669 195 643 918 777 495 320 853 181 471 361 9 301 510 880 406 899 264 623 248 944 525 487 305 778 981 326 698 971 364 83 682 174 485 735 115 830 580 360 214 388 742 880 285 672 246 499 437 636 922 117 51 880 297 103 527 681 201 274 985 315 626 692 352 45 50 205 389 386 334 661 472 394 16 991 778 512 686 472 889 490 921 71 28 792 589 544 246 206 532 925 770 434 614 779 587 752 100 347 201 855 12 581 61 832 52 259 950 335 189 400 536 670 483 995 701 213 699 458 455 918 360 499 166 480 56 890 650 37 29 956 276 952 393 416 959 996 38 962 788 408 143 560 552 789 163 918 200 122 303 995 863 730 169 136 294 477 153 599 71 151 116 972 129 947 241 830 711 985 10 253 381 162 148 235 456 255 316 382 938 242 613 150 68 677 616 496 846 816 984 28 16 467 256 255 11 816 515 858 446 694 962 409 647 39 243 998 584 927 137 345 169 131 950 407 714 493 335 442 760 656 768 261 836 89 953 416 609 449 289 789 374 926 168 858 644 20 872 957 497 789 713 193 76 131 519 169 481 334 14 502 865 358 396 82 468 745 32 980 728 789 785 426 145 634 423 740 596 480 165 648 470 810 326 713 912 789 771 993 533 647 347 184 595 668 565 799 786 515 991 851 512 824 758 57 148 483 127 965 771 439 235 19 876 68 182 67 448 564 900 177 278 966 936 418 315 552 541 779 222 395 60 380 27 442 105 359 48 286 444 447 720 947 172 365 704 428 571 199 300 463 27 335 497 879 127 800 509 964 593 91 518 770 723 99 887 314 692 414 143 602 550 349 280 497 310 244 288 745 854 586 210 170 725 992 724 508 115 827 732 816 835 751 583 255 309 838 429 826 411 451 785 948 504 536 615 475 422 418 382 903 693 456 986 264 576 954 663 432 821 985 62 934 28 524 761 218 185 315 527 381 75 676 688 641 116 475 835 649 133 51 754 601 217 764 347 636 899 322 425 561 759 972 606 633 972 241 212 124 183 843 287 372 653 120 62 300 565 986 454 604 646 201 351 836 255 843 62 910 743 556 142 200 644 652 617 673 20 300 430 582 243 664 774 280 11 798 762 121 900 615 1 371 237 437 2 518 13 294 626 943 287 277 512 501 924 201 91 275 136 929 657 501 433 829 452 297 802 251 10 152 972 281 596 885 970 899 854 528 551 277 654 676 932 752 152 993 59 320 855 626 641 220 182 27 6 579 697 913 344 322 700 695 701 723 93 150 974 350 454 634 14 549 586 928 65 158 54 817 643 481 829 369 297 838 796 869 804 417 393 702 474 403 923 797 819 826 596 825 432 565 618 66 499 157 307 789 540 106 574 657 767 336 849 96 542 500 629 643 898 213 918 697 520 885 835 375 217 142 984 135 546 844 788 203 679 252 389 257 967 692 803 775 104 312 742 838 720 583 342 973 15 807 106 911 141 719 129 296 554 210 612 970 808 272 35 808 493 764 7 610 419 0 356 55 275 10 52 562 610 208 115 776 864 634 895 36 784 68 704 680 121 534 543 911 932 14 31 870 537 724 820 16 802 387 337 758 246 879 810 818 932 1 835 773 865 744 207 218 156 878 131 287 582 940 232 650 256 533 904 397 51 474 215 314 523 425 137 424 51 607 376 48 768 432 240 62 106 899 665 314 347 876 546 919 311 625 979 156 712 810 512 79 771 2 395 991 922 869 655 265 490 236 105 368 982 582 222 669 490 251 
711
859 581 685 421 701 894 627 979 824 38 533 219 163 863 35 953 150 767 338 168 988 885 724 727 74 973 9 877 783 446 900 983 442 809 600 406 832 460 424 701 679 285 170 62 984 861 46 789 595 68 301 679 682 302 670 951 853 643 353 122 999 505 605 312 826 498 947 742 811 859 443 135 596 302 173 788 504 222 27 766 265 900 898 603 544 967 16 203 980 572 589 715 729 213 41 431 317 780 420 963 266 472 719 912 49 59 492 366 962 377 194 787 804 265 923 727 621 198 929 210 66 47 354 11 386 12 278 599 11 215 143 901 682 333 304 323 3 215 718 509 404 653 767 658 18 238 228 846 772 40 88 436 873 865 803 19 219 153 450 502 448 120 92 653 20 434 303 185 682 592 2 740 564 549 468 665 905 199 574 106 716 644 145 777 666 525 962 587 968 510 561 337 457 601 11 812 436 575 512 664 939 263 416 299 816 657 339 912 466 26 782 752 656 694 858 584 568 479 586 665 619 898 337 618 809 480 837 321 598 638 568 954 65 601 186 198 612 925 345 884 391 331 892 340 613 65 467 858 204 509 482 338 502 877 912 421 663 529 258 24 366 606 586 846 276 418 247 771 211 198 774 387 19 631 956 727 522 977 786 665 251 929 101 713 180 330 682 560 542 310 620 871 67 602 304 47 871 312 771 768 834 238 324 42 212 366 385 652 80 654 156 104 968 448 107 761 885 300 282 613 243 165 554 221 993 100 74 442 512 937 327 460 355 926 333 660 772 262 818 958 118 349 673 266 958 841 741 269 773 39 275 526 84 294 419 28 953 259 731 712 739 767 146 574 432 862 687 648 216 648 448 610 498 508 867 663 320 120 558 396 582 788 361 814 303 551 312 441 99 440 718 349 686 522 845 677 884 903 954 411 327 710 604 392 800 135 730 395 593 946 230 625 674 730 515 991 218 975 623 612 940 801 479 126 741 65 398 868 813 271 461 932 784 290 925 350 443 102 79 378 364 733 554 720 687 628 221 614 674 788 460 115 227 626 500 44 583 415 828 912 404 657 354 881 679 665 139 541 763 421 742 682 299 796 977 47 583 656 427 245 382 26 982 551 946 217 284 846 77 685 160 219 901 710 297 398 692 506 244 594 383 742 970 527 96 319 288 445 456 148 617 204 827 958 805 893 181 958 300 97 991 201 93 571 868 950 522 210 725 255 263 717 40 550 27 567 287 719 321 735 482 610 933 474 147 274 625 22 69 944 85 279 569 485 398 808 392 436 237 587 175 358 876 876 511 319 556 596 27 764 292 185 873 691 298 685 783 16 646 686 506 185 235 899 963 24 951 318 93 723 41 677 530 209 625 470 429 672 85 163 692 953 742 479 963 964 467 653 101 903 205 944 150 514 630 932 306 987 336 338 493 613 808 582 316 328 181 687 663 601 241 343 982 384 202 513 299 793 382 453 151 687 386 690 35 180 968 391 60 39 800 463 808 517 709 402 684 899 613 841 301 138 839 47 310 593 833 441 725 986 824 530 94 289 725 953 685 501 609 86 52 939 169 694 507 985 924 592 111 983 873 387 904 47 409 978 914 157 719 94 420 398 581 192 367 968 960 265 377 56 361 
948
845 310 563 490 307 50 92 290 807 914 146 333 976 429 684 284 155 395 728 493 16 834 634 358 236 398 555 45 989 339 427 792 191 452 675 734 421 468 866 974 401 582 582 297 582 190 439 59 164 863 926 225 448 375 43 660 602 242 690 790 350 285 965 295 43 286 519 470 380 226 275 505 308 420 998 897 191 730 24 613 880 697 28 997 150 66 521 565 282 299 792 923 364 711 265 957 515 885 265 348 929 707 414 727 72 83 162 194 877 382 433 361 218 591 844 176 122 843 752 633 302 319 436 584 237 187 165 366 556 13 14 487 657 312 561 479 748 947 825 376 667 636 568 239 435 529 514 137 874 213 763 892 276 146 213 580 265 900 595 407 26 365 874 729 86 544 785 42 133 926 495 838 892 471 968 329 396 315 44 677 688 108 879 909 318 307 155 881 193 860 908 838 870 535 414 596 996 544 598 289 994 370 871 953 910 23 878 579 672 381 961 907 735 167 616 356 993 986 234 57 142 34 806 173 17 616 655 113 836 333 979 650 553 221 334 671 759 605 679 522 420 287 860 649 830 943 538 455 50 24 421 785 622 828 673 941 449 14 616 801 664 648 252 73 430 497 826 643 176 991 73 462 668 604 439 73 333 669 504 824 342 762 25 712 801 447 447 536 563 388 997 49 909 346 154 351 356 389 250 567 359 402 495 951 636 934 390 451 683 806 660 33 39 843 935 495 200 199 472 878 388 395 201 847 208 46 799 236 966 505 784 729 878 185 711 923 111 730 805 947 752 523 30 15 10 336 46 426 603 868 646 402 935 868 875 671 77 490 218 353 801 995 443 358 10 933 709 162 155 772 430 193 827 613 71 373 126 390 610 744 387 35 732 954 953 79 477 761 190 139 177 721 246 115 410 156 845 131 242 14 738 209 662 758 194 1000 345 572 196 870 308 616 700 575 892 466 199 891 506 300 709 273 110 921 20 424 900 14 846 687 763 507 241 235 469 249 945 523 665 499 338 711 815 911 482 992 968 54 271 70 225 934 211 735 509 166 11 152 778 761 249 686 221 45 157 252 677 676 468 482 514 541 310 192 747 36 714 574 620 295 670 828 692 275 422 637 279 833 369 676 906 555 100 405 634 943 62 503 972 427 127 254 215 366 620 661 143 397 27 533 186 148 498 381 333 771 184 345 108 64 299 158 61 644 968 838 548 874 928 58 799 297 85 812 990 604 761 667 465 659 604 97 485 743 706 493 792 334 998 441 769 228 829 797 745 817 241 536 425 415 148 687 406 395 725 853 123 642 143 538 872 464 34 827 237 759 44 354 271 669 624 372 46 21 277 377 227 104 125 230 927 747 133 973 718 353 546 273 560 58 627 34 397 623 70 573 800 223 435 558 570 663 307 543 975 469 675 652 551 866 898 385 326 727 23 4 175 243 235 941 368 429 216 595 871 696 281 120 967 25 277 654 901 458 250 564 338 990 720 148 693 733 858 802 126 198 998 580 445 604 544 904 686 221 106 629 326 644 303 687 769 858 24 893 754 717 353 35 226 985 583 510 730 77 437 907 542 703 247 489 757 509 89 897 140 497 67 355 301 997 190 906 303 940 206 405 695 215 928 96 9 623 826 903 237 625 2 713 577 25 662 375 733 146 861 306 727 733 243 5 956 266 1000 923 382 211 970 366 939 510 209 622 11 954 5 823 485 982 803 125 982 845 835 787 390 180 910 729 380 529 873 391 460 24 82 254 472 196 53 882 756 808 5 723 842 722 827 321 748 609 648 411 459 246 824 602 526 480 500 620 845 445 371 685 156 162 548 278 910 39 586 888 406 884 567 101 587 310 372 44 709 688 366 987 387 811 672 736 682 597 904 36 109 370 260 338 151 785 104 533 121 839 916 263 276 703 663 93 895 969 118 545 860 577 249 913 867 887 528 487 315 464 541 844 367 626 90 638 706 780 699 220 752 437 787 102 136 178 182 464 6 300 23 532 966 675 43 655 818 668 973 302 412 439 393 251 858 279 780 665 302 77 441 471 490 616 423 971 793 103 844 966 801 700 291 614 905 393 364 794 191 505 190 382 705 169 394 352 374 830 551 392 258 60 590 124 525 562 739 305 710 554 612 495 324 47 416 813 138 764 499 286 237 844 373 68 716 619 
738
862 427 611 741 517 260 44 858 517 420 659 631 954 853 220 415 389 516 128 953 863 553 928 26 468 521 544 204 681 527 1000 718 556 0 337 683 316 272 679 722 411 965 155 136 465 290 618 235 238 739 837 14 58 459 758 471 487 401 596 705 730 334 892 841 910 420 930 696 527 718 660 750 853 698 529 29 521 87 519 190 511 203 704 260 938 342 461 741 452 717 158 717 994 86 19 478 518 337 917 881 623 953 276 977 345 871 720 182 802 123 903 653 760 254 509 604 976 746 271 174 30 698 38 305 672 743 341 307 780 592 96 583 333 861 833 883 860 980 996 197 36 689 74 659 706 47 950 742 669 348 368 501 120 736 558 790 907 708 758 494 667 8 134 18 665 687 374 606 444 609 97 980 954 878 535 260 255 484 260 692 870 422 311 15 714 28 429 135 428 781 14 549 54 945 874 518 968 541 971 747 288 255 276 847 857 792 459 781 633 817 1000 328 195 224 639 672 71 896 300 753 976 374 923 459 885 193 655 283 313 196 206 286 412 169 888 766 980 454 925 398 36 488 597 798 612 840 368 838 986 678 91 356 50 640 615 955 840 964 197 296 162 794 859 313 460 274 691 854 113 613 736 285 510 672 984 734 314 753 193 673 400 818 615 754 391 455 783 780 33 297 154 172 433 633 174 271 957 599 697 716 18 94 33 64 544 230 663 661 321 612 989 880 116 8 836 596 148 680 76 148 683 403 169 239 877 392 45 410 623 571 411 331 260 293 209 344 562 280 394 155 699 323 967 175 801 562 579 689 675 201 664 148 958 508 630 520 496 260 759 519 329 812 81 488 403 175 232 209 70 436 445 805 249 564 465 684 883 426 621 660 780 347 656 898 932 718 460 308 147 853 88 421 633 559 756 725 994 260 619 164 382 672 146 510 324 770 163 850 754 476 165 503 470 96 699 717 412 772 228 471 138 200 53 45 26 66 578 225 918 326 161 813 347 829 616 201 868 365 721 202 768 500 85 498 719 333 262 736 200 86 153 605 828 585 286 120 177 704 753 830 632 716 437 805 206 313 947 220 576 641 996 859 837 58 42 613 683 768 58 315 675 692 131 851 610 644 564 669 143 296 421 70 69 326 257 477 491 351 669 116 677 302 519 106 81 172 695 146 752 45 396 587 711 488 812 985 277 465 132 697 278 233 394 977 939 254 793 119 967 44 52 730 550 674 241 356 416 580 233 810 975 436 724 577 48 896 637 267 661 634 397 265 670 947 154 478 473 936 391 963 967 189 496 85 170 213 149 999 429 651 272 452 785 409 911 597 874 348 826 504 480 679 265 17 408 748 886 938 841 918 226 877 207 301 43 520 557 623 3 177 627 726 147 161 523 844 786 963 155 304 595 280 290 309 601 687 317 451 958 700 713 928 778 853 517 350 671 522 441 983 912 465 158 279 126 840 607 925 344 774 467 700 621 98 1 44 812 437 90 825 345 819 6 672 883 966 72 828 836 588 618 53 888 531 377 849 481 143 190 861 266 603 520 433 947 803 535 108 473 775 269 597 426 453 886 961 577 526 417 814 608 788 107 284 700 502 748 842 893 780 893 926 469 267 251 380 395 88 77 700 829 573 525 452 931 196 611 89 301 781 952 173 598 634 696 968 646 933 550 445 462 656 756 486 892 677 616 168 
753
394 388 987 196 954 519 796 260 662 16 532 381 502 693 671 301 410 383 359 98 950 596 454 995 510 555 469 88 165 81 368 323 262 124 270 46 478 739 158 457 597 670 364 720 417 839 727 443 795 556 78 255 94 789 399 799 631 605 673 227 629 10 170 912 445 295 945 5 222 645 596 476 367 288 10 994 845 772 240 264 921 315 654 427 373 445 434 42 901 522 165 656 926 403 959 495 729 843 245 24 925 20 329 90 142 648 901 369 402 450 889 428 25 920 777 852 463 229 419 118 162 887 320 560 395 2 293 930 947 926 342 677 242 116 67 679 301 428 137 379 932 747 30 590 429 234 498 6 786 503 661 767 257 328 99 22 136 108 717 580 465 437 863 841 139 947 797 418 745 459 571 782 221 342 261 156 996 184 407 833 205 259 459 370 655 87 981 617 360 4 769 53 386 373 855 576 342 798 382 921 696 356 36 904 932 690 983 285 261 645 105 942 34 31 789 791 413 981 547 302 897 345 944 896 724 271 694 717 795 302 351 404 824 149 829 572 941 492 771 978 464 434 871 931 503 855 134 361 453 790 146 795 198 811 270 688 437 597 421 883 744 883 125 548 847 753 45 832 612 222 781 622 877 49 900 546 597 174 770 278 316 9 915 941 547 524 415 931 577 534 709 303 395 957 67 200 440 431 856 68 594 918 873 67 833 618 23 250 991 465 41 551 653 344 513 780 930 70 963 959 154 803 984 829 492 96 977 995 852 121 677 352 966 766 546 181 305 359 49 937 272 970 208 114 752 790 235 723 388 163 106 610 966 145 973 965 427 764 559 194 488 377 696 269 676 861 24 906 813 970 431 672 139 730 659 988 240 719 405 865 335 638 839 70 242 883 337 168 398 963 22 523 713 668 425 28 76 827 380 248 183 68 982 809 130 693 442 783 478 428 509 560 691 571 3 83 467 81 151 384 918 758 797 463 1 982 745 478 679 672 393 493 918 658 550 806 271 167 547 276 55 613 227 266 965 108 258 124 614 565 390 79 410 159 952 162 9 411 276 953 700 125 64 962 310 511 933 456 511 874 698 733 519 719 286 368 204 310 416 379 149 150 337 618 51 641 361 719 236 265 722 453 577 390 538 551 484 215 598 960 560 591 281 87 748 311 777 690 392 994 464 240 285 8 545 319 729 333 279 255 3 361 315 734 7 237 120 986 599 232 410 466 567 745 278 928 404 896 711 525 859 905 798 672 854 345 669 621 129 824 979 905 787 699 182 391 59 192 306 628 735 208 363 871 197 759 394 58 287 81 300 145 763 715 577 198 176 735 746 411 809 975 426 997 615 450 25 668 225 233 34 167 552 878 578 635 60 403 39 45 863 481 627 648 202 455 700 182 423 832 933 114 203 148 508 373 933 821 534 95 346 944 932 259 41 0 324 337 407 438 565 791 826 39 143 841 776 81 977 444 497 181 748 541 196 896 244 458 117 225 3 403 533 309 341 102 831 831 676 610 597 543 990 199 779 319 515 42 503 419 773 122 671 508 452 179 476 217 860 65 580 516 323 16 263 428 492 660 771 683 486 247 302 907 433 811 345 509 752 701 145 133 592 46 941 925 612 169 722 97 568 542 801 389 834 948 355 405 717 645 500 563 547 892 291 250 533 138 195 353 620 989 472 651 308 72 934 45 916 696 579 564 454 878 237 30 145 784 256 88 405 264 94 
962
312 968 766 313 942 644 758 474 840 226 584 407 77 841 931 210 291 430 942 402 602 887 282 316 828 960 577 530 613 925 63 471 759 776 246 990 961 308 877 919 339 449 849 899 100 767 364 892 434 886 719 689 382 243 36 85 342 221 299 441 242 950 512 802 278 780 590 108 738 421 310 777 158 203 752 40 774 321 552 128 532 448 750 766 328 39 482 518 823 486 876 70 751 438 695 654 273 491 10 26 619 893 999 194 863 263 609 347 875 653 511 146 909 448 385 615 702 677 965 383 521 125 418 329 96 477 740 279 242 161 356 80 247 578 48 669 949 964 209 334 721 139 237 797 200 301 824 486 729 293 572 919 766 406 537 213 892 249 572 950 185 783 783 439 202 715 491 601 759 570 577 712 413 193 471 550 795 319 4 529 560 484 923 642 766 856 318 699 758 344 458 179 668 72 650 625 394 414 62 910 143 47 370 204 68 730 35 348 370 144 195 172 113 535 204 169 451 596 265 226 431 203 768 965 113 982 98 233 520 943 765 404 67 720 292 94 136 746 983 198 947 646 836 930 189 778 49 964 241 672 705 36 190 192 31 94 558 54 525 360 620 450 405 934 730 615 797 680 723 27 255 962 163 211 583 315 11 411 337 384 473 412 524 399 251 809 354 541 907 129 271 528 476 370 351 344 828 248 431 454 194 18 477 353 413 641 690 468 354 439 361 692 790 56 235 599 730 441 92 746 788 337 738 635 154 428 232 447 843 36 766 841 300 198 420 89 164 536 296 532 704 382 13 672 919 898 805 982 286 251 432 170 588 272 608 387 687 14 807 218 578 777 40 117 697 350 427 858 75 914 905 108 73 831 501 508 354 9 244 12 384 357 281 703 270 365 105 150 844 323 108 314 171 150 290 701 692 221 231 396 138 100 292 77 617 970 759 683 436 782 378 518 0 200 500 881 158 656 902 147 783 376 766 594 600 703 687 35 971 772 375 742 940 4 327 413 780 200 829 638 813 90 661 722 407 188 703 809 926 427 157 917 630 70 185 213 920 794 538 471 57 779 804 813 569 286 667 810 410 448 464 343 428 233 40 223 159 813 696 942 170 699 264 904 462 688 762 515 962 422 404 751 595 861 562 305 841 178 760 643 492 245 258 506 980 910 638 457 905 346 913 449 994 828 968 916 910 776 368 143 474 764 828 413 845 125 887 102 421 760 342 457 86 983 792 427 644 25 234 69 821 256 322 536 410 368 268 570 258 792 790 206 750 417 620 696 816 618 122 915 155 898 219 803 412 550 692 995 812 672 165 675 381 45 524 424 204 783 782 295 632 241 531 795 352 726 212 333 723 102 96 966 963 370 89 992 643 769 43 780 594 891 901 41 291 829 387 279 731 516 823 492 502 199 234 842 855 278 808 978 663 654 405 814 54 974 164 314 154 313 334 441 66 720 332 670 503 59 929 282 755 998 662 708 803 617 300 823 670 832 427 818 34 523 836 252 287 658 618 195 464 181 460 647 881 910 210 809 281 243 497 523 925 93 255 154 182 892 985 748 192 931 533 918 689 362 419 948 533 964 222 449 251 34 576 812 817 901 491 270 463 984 853 253 879 14 834 714 244 902 159 303 282 663 868 264 31 0 927 55 116 871 918 951 250 803 483 639 905 206 688 301 571 978 781 826 262 418 747 350 304 687 996 777 437 26 214 307 800 6 138 476 103 403 689 623 680 696 7 111 81 133 222 222 412 374 966 3 825 374 233 755 566 676 121 887 521 520 67 341 207 402 711 261 141 805 903 999 59 12 423 931 86 640 890 148 596 173 739 457 785 174 525 814 902 276 912 376 978 577 6 627 447 770 255 765 769 440 73 621 388 363 519 289 731 292 731 797 62 751 932 698 540 61 175 582 778 223 175 508 956 592 395 581 834 981 312 105 41 793 621 406 460 503 390 958 561 730 981 130 684 812 63 359 393 445 113 411 934 395 435 559 73 533 691 567 903 956 878 557 406 882 967 526 550 459 681 934 674 237 276 119 602 922 471 638 547 671 906 409 361 645 704 590 238 888 162 436 664 360 338 79 780 782 232 138 312 2 743 351 973 586 973 799 489 679 14 231 987 201 96 586 34 163 481 544 293 475 970 11 318 480 112 292 968 78 485 46 921 779 423 47 911 397 694 986 166 329 141 852 787 652 
948
656 38 609 563 722 548 192 133 986 147 542 73 981 644 780 666 845 412 885 856 715 845 297 204 524 541 409 899 155 514 536 852 78 387 821 787 755 805 879 637 225 849 22 264 829 311 22 495 420 79 934 498 529 197 422 130 917 963 427 906 730 254 495 814 197 2 172 852 690 456 6 531 236 960 13 120 14 140 776 992 455 8 824 375 595 552 846 977 749 844 293 601 250 137 127 282 903 538 375 242 850 957 618 493 351 643 364 80 70 515 815 856 500 877 802 948 848 489 756 47 485 876 539 335 856 809 897 856 586 257 926 118 134 172 165 693 181 845 633 537 835 677 340 258 401 294 77 169 26 67 810 425 435 872 633 838 96 185 424 173 69 721 29 798 569 235 765 13 61 578 424 663 404 245 7 442 74 11 231 153 177 615 244 664 548 415 265 826 544 982 658 966 595 513 441 718 942 322 37 344 401 826 118 847 634 171 916 870 104 493 578 418 564 284 464 325 211 956 322 204 534 628 5 657 408 108 515 548 999 488 383 287 270 612 302 711 463 436 160 494 269 959 914 209 731 729 999 394 183 885 243 734 296 108 307 502 623 481 626 831 286 23 481 47 40 978 289 677 882 365 702 575 967 969 491 319 957 519 68 752 4 307 908 855 141 148 230 666 346 456 279 219 817 568 85 912 601 753 171 56 722 37 603 419 904 821 686 605 251 623 127 540 648 536 945 487 768 832 188 127 781 179 858 50 903 664 373 590 948 717 208 151 725 991 543 193 197 275 315 580 382 915 509 879 794 948 231 298 648 599 816 37 208 660 954 500 491 366 212 457 971 947 430 216 577 77 516 891 697 77 795 91 695 482 924 551 393 553 200 83 277 810 491 808 604 367 202 699 654 757 136 853 503 62 30 814 571 183 606 218 120 548 827 546 964 544 293 783 778 273 194 265 233 479 304 229 554 748 449 800 153 381 297 941 546 761 501 244 961 378 411 762 585 687 955 934 706 569 412 310 943 455 920 323 955 995 361 500 835 117 570 277 270 585 400 427 450 146 160 201 645 915 945 886 522 718 306 412 314 511 687 356 181 411 282 526 161 111 685 278 107 371 436 146 50 671 284 232 523 945 619 344 680 401 884 667 526 350 776 621 760 43 316 652 824 641 873 611 842 490 664 980 805 983 409 318 431 34 808 919 995 855 836 167 25 583 908 120 836 556 720 702 145 485 91 10 238 333 112 185 707 335 433 993 259 952 268 299 466 401 882 295 631 523 53 13 613 493 545 140 605 306 416 734 138 780 62 596 596 854 782 941 927 633 785 83 346 2 274 675 52 294 79 405 966 535 56 403 37 810 471 327 400 414 800 802 630 537 802 520 647 481 588 862 398 20 702 965 33 660 857 724 214 769 126 111 938 680 539 640 722 394 562 999 104 937 911 404 181 168 109 282 968 519 29 234 311 371 151 337 963 833 529 928 587 63 248 590 988 844 534 150 698 484 783 831 836 773 132 694 783 58 289 713 977 206 719 375 321 30 118 558 269 564 563 654 590 841 381 899 904 401 20 360 472 887 692 696 651 165 841 806 535 498 157 443 312 59 415 799 335 989 814 234 747 928 108 470 391 644 827 975 778 606 851 841 645 294 204 920 59 904 456 457 952 737 519 143 61 558 544 660 765 533 479 5 411 98 65 647 473 450 707 240 421 788 958 649 698 714 172 336 394 219 378 282 835 144 272 841 264 145 879 986 722 667 398 174 894 385 338 88 262 449 352 539 473 48 314 647 578 677 783 71 779 670 499 773 80 989 377 485 964 911 645 59 481 11 363 416 342 206 316 109 16 974 269 523 43 747 976 926 276 479 220 361 634 575 701 784 766 142 557 421 189 994 517 532 197 901 762 820 207 506 131 925 195 57 796 178 329 141 607 167 733 455 985 3 376 669 895 236 66 641 659 347 944 365 980 46 623 165 296 273 215 504 936 400 157 698 523 907 469 699 160 593 261 328 405 401 655 869 851 638 939 160 864 673 581 685 84 412 867 487 118 358 860 99 430 992 215 549 633 124 441 104 896 908 12 204 765 199 102 909 617 636 922 977 228 218 670 878 513 101 981 166 998 953 120 514 41 362 762 981 339 647 886 174 590 989 674 939 739 24 604 138 647 811 
769
327 514 11 43 753 317 995 242 330 236 907 66 625 559 762 786 924 220 370 136 738 853 958 207 249 542 775 978 141 218 31 133 520 624 664 122 732 658 682 274 3 450 105 929 674 367 283 214 784 682 159 830 485 470 931 232 966 572 280 132 607 179 220 626 931 240 339 60 540 697 51 269 635 75 930 271 507 726 778 63 498 309 321 397 25 529 403 542 175 931 788 467 705 937 560 895 862 502 600 827 685 883 574 537 479 661 344 839 860 767 907 323 681 125 793 540 764 212 470 551 6 704 959 59 463 200 476 291 720 163 924 23 800 891 894 423 100 195 755 195 936 112 727 399 785 161 729 888 852 233 592 628 10 39 248 876 789 591 778 125 721 80 912 82 114 47 932 153 356 554 795 174 331 590 374 970 978 242 123 301 112 614 50 307 626 708 165 84 646 499 355 694 589 268 795 530 360 834 307 710 40 681 988 418 625 131 33 72 949 154 876 388 691 382 532 934 87 174 947 752 573 364 405 154 557 993 572 921 892 487 656 731 996 615 235 623 34 373 347 590 257 641 719 420 793 730 302 42 723 563 603 830 774 754 512 122 752 656 512 745 592 935 284 478 361 31 406 648 512 382 129 785 640 923 990 149 87 807 603 517 310 19 195 263 817 517 327 38 735 364 618 710 933 582 536 180 416 862 488 483 361 652 923 768 187 24 579 256 953 756 287 817 745 645 386 30 404 676 732 124 913 745 912 778 991 496 211 588 752 314 52 84 839 756 174 235 130 131 744 614 158 987 193 944 465 897 811 207 289 239 6 668 762 823 774 982 281 454 709 49 403 940 867 73 378 773 948 428 259 569 876 992 845 211 814 344 6 689 273 830 948 470 97 590 612 577 531 838 409 987 529 334 375 267 651 486 717 258 53 714 399 147 525 507 784 307 95 139 538 704 587 854 401 669 916 469 411 654 583 218 597 335 94 854 2 931 373 473 663 211 101 359 900 537 416 503 444 289 460 893 677 64 74 915 870 218 792 931 804 830 879 292 555 135 416 180 943 87 217 113 528 359 726 622 267 567 986 960 178 49 127 679 482 487 140 147 807 764 558 767 526 205 731 563 809 974 707 587 983 455 654 462 967 684 715 444 417 934 622 814 497 168 817 543 555 801 57 484 747 522 60 910 897 273 198 269 466 630 703 143 460 294 821 365 825 135 973 268 715 670 430 332 457 558 676 649 665 967 653 509 352 746 358 310 83 106 609 796 55 726 382 44 867 140 330 226 375 211 982 114 290 483 525 430 588 395 248 429 565 539 896 754 303 634 252 858 393 587 771 184 865 63 726 435 191 205 176 463 743 205 286 452 900 852 760 116 302 780 73 225 280 143 44 879 855 667 376 267 941 774 7 498 535 58 621 199 151 967 592 148 871 624 1 431 760 760 290 834 285 26 179 211 322 578 779 434 591 87 362 539 756 362 829 764 316 332 721 536 937 988 416 678 12 580 156 684 812 130 139 540 449 382 490 243 234 843 392 717 368 974 479 524 622 594 719 826 462 998 686 515 573 489 56 523 182 440 378 167 706 167 631 623 834 602 130 596 127 771 277 830 737 6 244 227 625 965 382 626 116 959 467 72 146 570 199 356 920 521 824 653 626 792 903 755 600 68 227 768 801 410 490 179 886 359 905 392 469 291 648 153 137 51 404 337 651 688 148 507 432 3 744 437 383 138 377 226 935 585 65 365 664 32 875 857 697 807 152 373 592 
831
458 271 415 268 121 828 723 879 743 899 881 259 845 919 903 31 602 10 82 522 208 152 199 18 829 137 652 795 175 21 122 879 364 84 21 862 522 271 718 346 92 250 134 969 163 465 279 739 909 59 131 125 421 812 788 469 572 972 8 263 42 608 300 342 137 702 629 755 772 588 515 508 580 735 134 923 72 33 931 354 604 702 266 840 476 304 240 302 990 672 44 720 228 814 916 998 33 403 384 464 605 785 129 844 454 708 527 897 95 397 888 492 935 963 847 241 876 557 521 337 299 831 134 345 590 19 325 456 839 635 346 614 791 101 993 961 841 659 934 817 211 840 529 661 909 507 742 140 220 359 169 726 919 891 883 247 882 106 429 993 404 712 589 372 680 443 882 80 772 920 704 108 516 165 932 812 56 456 834 554 985 371 169 692 270 594 382 52 191 654 635 119 857 901 434 695 310 667 323 628 425 476 626 230 365 410 895 611 633 649 839 730 700 50 129 852 995 327 867 480 409 335 342 560 701 528 986 397 812 804 860 378 68 344 187 172 986 758 68 453 681 490 281 465 930 430 472 716 712 576 623 632 836 909 181 308 129 777 646 732 162 207 584 367 684 108 276 249 543 418 684 134 344 822 205 464 348 540 661 507 354 151 528 327 148 306 251 780 952 367 396 308 426 899 535 377 510 927 186 730 894 331 792 862 834 168 998 194 508 797 116 484 517 232 137 715 934 817 241 48 578 585 456 775 677 682 755 154 629 538 482 865 84 87 845 714 977 741 289 984 6 222 808 622 15 923 907 990 563 782 332 551 476 482 247 91 807 731 339 764 888 825 73 181 91 488 1 880 278 570 791 516 576 680 505 777 313 714 959 590 411 357 524 404 629 596 639 524 325 474 341 257 639 84 177 330 480 724 391 970 413 710 534 767 180 374 797 546 529 529 681 123 188 614 415 307 57 376 291 611 443 455 353 247 187 256 467 312 263 260 711 791 33 254 881 556 830 864 375 996 349 865 993 924 83 282 148 206 584 193 706 889 328 756 444 565 757 182 874 629 722 899 278 729 474 644 538 628 452 198 897 725 130 693 157 652 613 363 140 704 542 295 499 807 731 829 925 451 823 165 681 810 902 150 87 77 794 91 200 345 316 33 282 533 28 826 900 875 427 348 536 390 197 650 310 421 149 127 756 920 265 508 6 139 528 151 523 533 320 326 437 762 593 665 319 464 310 366 2 554 318 839 629 805 974 722 826 426 932 784 601 804 47 354 423 899 187 240 277 612 973 869 828 451 554 626 415 742 394 723 495 603 751 787 311 277 508 786 443 602 561 856 517 25 757 737 853 360 400 72 699 181 604 460 731 512 387 684 629 286 781 511 116 449 602 101 432 271 857 451 698 322 15 118 301 977 56 375 675 207 450 463 782 743 766 588 218 84 489 557 484 313 869 708 731 317 725 111 700 396 799 261 338 306 448 67 196 31 178 813 236 755 238 894 6 135 515 463 184 300 925 175 966 29 512 446 258 365 296 953 634 856 898 334 228 299 356 471 72 681 872 789 626 144 89 422 465 363 11 403 407 505 568 567 614 626 765 685 673 69 982 789 895 32 528 608 29 68 231 523 40 181 309 193 899 259 650 434 146 556 901 846 325 462 590 849 212 938 739 904 602 432 359 131 723 389 180 812 907 528 429 734 681 667 995 756 117 29 16 312 626 823 448 436 336 634 507 972 138 18 264 174 400 759 914 579 715 648 134 39 430 323 176 446 83 821 592 84 342 700 565 614 492 88 470 568 395 700 189 314 599 618 581 162 556 955 114 129 31 27 889 689 535 76 30 78 669 463 500 781 595 360 892 478 38 164 402 795 519 539 315 472 145 871 487 392 104 3 446 662 317 
807
90 645 685 460 47 210 572 549 672 143 844 50 597 707 744 147 3 875 480 143 839 236 701 275 871 317 37 975 697 190 782 685 513 866 114 903 326 768 996 53 360 743 692 512 772 665 486 552 534 749 340 176 388 327 135 739 898 320 204 662 68 493 7 314 327 531 462 797 278 180 121 152 458 724 312 985 375 901 332 700 361 864 18 662 936 603 609 249 441 266 100 426 270 580 306 991 406 808 375 677 65 204 368 966 625 491 619 474 334 419 503 11 414 628 370 935 544 572 793 270 371 866 956 879 712 989 724 832 347 890 365 854 965 540 840 373 429 239 140 559 883 105 57 288 925 51 419 681 1000 259 329 25 585 145 543 745 394 528 319 930 374 947 279 42 974 714 971 125 21 434 48 76 587 315 300 730 227 874 594 342 864 9 199 264 467 128 875 71 545 46 712 657 770 600 333 800 190 367 644 409 44 356 141 207 298 543 352 702 661 460 642 486 781 734 782 799 181 329 879 15 702 7 615 729 369 196 142 673 875 596 183 116 59 662 673 807 569 302 939 350 299 401 997 373 819 193 298 125 650 495 500 157 849 102 412 373 260 483 268 773 381 564 543 445 530 935 934 986 125 218 679 57 599 238 519 536 193 132 888 993 318 840 545 668 104 706 873 792 571 874 325 950 190 689 575 651 963 262 402 19 68 893 929 91 72 768 802 967 499 551 863 656 573 913 808 956 470 147 176 264 603 750 801 297 451 264 937 666 608 559 439 932 767 225 904 135 769 974 454 222 727 862 648 207 478 340 482 835 277 274 864 486 1 638 812 321 830 31 335 55 172 9 266 701 968 594 661 911 727 544 915 994 896 434 407 277 366 423 184 353 262 580 559 673 380 926 341 939 321 485 86 734 817 189 129 359 865 439 590 655 106 648 928 14 283 37 808 752 437 44 397 0 709 356 530 304 447 676 763 944 459 956 629 937 783 642 501 603 714 515 998 29 961 126 914 635 241 128 511 185 964 332 585 773 198 943 12 243 175 38 737 304 448 1000 884 231 53 822 73 548 42 771 575 733 369 802 551 863 371 103 435 745 663 941 591 719 641 691 502 949 258 450 582 710 470 823 189 400 696 736 93 504 542 17 203 667 52 785 429 955 584 145 103 318 578 740 454 877 796 246 97 209 147 364 758 670 318 138 589 655 41 790 387 765 129 78 746 267 951 438 975 148 498 519 880 857 526 564 466 776 33 55 815 148 651 586 403 739 866 553 301 168 96 157 731 675 155 341 684 275 798 496 331 166 642 170 247 352 476 694 773 944 475 395 21 523 432 383 359 20 106 32 238 0 463 432 787 745 713 204 977 494 818 611 545 252 78 438 435 907 493 716 535 551 585 660 286 131 366 52 968 315 329 407 561 997 491 266 870 722 883 989 842 832 778 465 879 783 611 224 157 349 608 997 863 88 577 572 812 243 608 574 399 220 176 795 841 489 11 202 234 246 213 739 201 901 649 770 933 38 912 921 44 355 442 966 104 293 249 154 564 640 896 716 129 253 892 4 415 534 685 47 738 708 813 942 842 862 418 422 104 922 644 966 686 867 134 458 598 15 880 533 655 375 228 400 873 387 353 333 748 831 240 815 665 668 811 470 242 268 131 880 92 102 74 322 520 793 104 366 634 53 876 25 361 355 891 326 884 736 473 537 782 121 878 557 870 352 95 299 609 310 10 905 185 984 34 692 995 537 307 29 119 905 268 813 866 620 274 789 79 48 860 431 82 438 588 757 280 437 26 454 490 344 894 628 857 210 200 431 947 611 412 806 807 701 44 117 305 16 504 257 116 853 879 540 176 
920
928 851 585 929 929 374 919 275 779 708 571 757 858 710 60 452 722 357 519 38 571 81 149 141 772 223 616 968 137 848 791 797 618 187 757 632 311 293 685 48 574 736 543 869 858 76 471 422 508 778 751 423 790 961 67 741 262 212 267 375 96 470 493 130 88 847 494 812 882 596 411 495 37 291 894 11 247 995 129 497 187 229 462 962 142 173 949 808 556 992 651 610 837 123 200 874 623 413 641 971 645 585 926 395 799 658 976 904 166 850 276 951 336 685 257 667 161 243 807 832 105 526 406 712 304 976 71 672 426 849 612 609 604 418 6 177 818 347 909 61 377 59 470 856 2 735 57 949 299 658 13 270 910 242 988 138 766 592 787 851 288 280 499 86 438 260 509 908 922 15 177 943 568 265 718 284 985 480 233 629 195 372 425 747 858 772 835 747 654 396 977 104 474 466 589 723 73 569 438 565 227 56 989 445 471 647 30 299 778 489 860 509 172 350 699 747 658 535 342 716 477 686 837 320 99 397 599 641 869 703 621 124 840 267 88 278 292 740 84 459 507 325 293 287 915 440 596 391 154 591 660 460 521 128 348 74 346 907 133 111 913 977 496 743 389 388 713 984 445 967 113 582 624 225 207 211 950 975 631 784 984 356 637 983 20 161 774 721 820 282 719 632 890 501 778 141 561 684 711 408 601 197 662 364 442 43 877 495 676 444 887 932 129 508 419 189 676 26 769 912 154 138 525 362 5 54 447 209 392 763 16 989 225 796 917 800 382 102 919 752 127 679 148 542 666 156 994 413 680 499 81 277 518 115 836 100 350 86 942 70 907 908 180 704 807 538 130 721 666 610 916 580 6 151 764 273 245 585 658 964 717 133 713 469 564 388 730 788 424 943 102 814 889 768 857 230 765 561 355 109 799 545 770 175 302 454 182 873 85 731 384 210 194 613 587 165 586 873 724 339 268 304 854 828 255 540 974 830 362 876 997 517 54 808 118 556 136 455 919 740 100 290 549 907 811 756 612 948 279 136 527 814 977 968 764 937 820 71 431 570 350 75 535 590 306 60 698 309 182 974 84 374 140 696 771 674 702 32 161 119 35 220 927 506 73 522 644 214 220 822 935 224 139 16 584 771 355 390 631 15 439 489 545 955 437 319 279 643 46 585 150 252 47 630 483 975 460 225 456 846 88 405 359 412 346 939 806 871 96 928 604 13 540 361 238 123 892 857 757 976 785 483 179 408 118 97 402 395 395 464 720 688 453 901 322 179 149 238 311 411 644 514 448 711 159 130 344 129 218 555 382 156 262 40 692 312 915 435 18 981 3 913 4 987 208 989 173 859 739 603 594 244 666 269 622 953 867 218 237 724 462 372 534 531 611 260 78 800 282 122 573 851 706 253 553 122 873 352 994 802 148 140 833 855 161 800 181 711 853 727 476 958 960 631 23 191 670 370 819 818 388 797 222 160 223 982 656 62 385 596 56 489 19 763 315 857 539 44 51 588 715 212 440 173 630 334 242 482 17 607 519 415 384 636 353 267 416 466 585 861 897 252 75 158 722 790 162 354 18 801 958 225 91 4 452 644 200 577 383 926 50 424 684 87 690 977 140 677 921 908 284 297 887 245 335 392 862 337 148 550 1000 573 354 622 418 401 781 356 821 906 339 836 203 484 102 422 237 841 800 184 711 380 888 242 719 820 228 946 91 941 744 799 4 600 618 972 860 499 512 785 698 951 924 148 164 970 552 638 863 897 301 253 37 814 458 396 129 756 447 521 500 911 699 724 868 507 468 382 658 461 494 711 191 650 186 795 133 97 20 531 814 1 497 513 106 872 497 719 407 401 856 974 798 826 285 819 535 715 293 12 213 546 305 544 461 183 121 323 37 225 389 801 428 21 567 46 325 998 668 751 439 471 327 911 868 545 934 300 807 85 214 1 827 103 84 893 231 189 673 611 555 303 893 636 770 745 521 639 63 544 996 619 1000 947 671 985 98 436 458 895 65 743 579 479 284 954 79 958 928 159 833 856 666 438 746 843 310 911 913 661 16 131 138 735 467 693 518 831 644 739 327 195 715 634 150 513 635 50 521 430 